LandisData "Climate Data"								

ClimateTable								
>>Eco	Time	Month	AvgMinT	AvgMaxT	StdDevT	AvgPpt	StdDevPpt	PAR
>>Name	Step		(C)	(C)	(K)	(cm)		
2	0	1	-10.9	10.2	3.5	8.7	4.0	0.0
2	0	2	-8.8	10.2	3.4	7.7	3.3	0.0
2	0	3	-3.0	14.7	3.2	9.2	3.9	0.0
2	0	4	2.9	19.0	2.4	9.0	4.6	0.0
2	0	5	8.9	23.7	2.1	8.4	4.2	0.0
2	0	6	14.9	26.8	1.6	6.8	3.6	0.0
2	0	7	18.6	28.5	1.4	9.8	5.9	0.0
2	0	8	17.2	27.4	1.6	10.6	6.8	0.0
2	0	9	11.5	25.2	1.8	7.4	4.0	0.0
2	0	10	4.6	20.7	2.2	7.2	3.6	0.0
2	0	11	-0.9	16.6	2.3	8.9	5.2	0.0
2	0	12	-7.5	12.4	3.3	8.3	4.2	0.0
3	0	1	-10.9	10.2	3.5	8.7	4.0	0.0
3	0	2	-8.8	10.2	3.4	7.7	3.3	0.0
3	0	3	-3.0	14.7	3.2	9.2	3.9	0.0
3	0	4	2.9	19.0	2.4	9.0	4.6	0.0
3	0	5	8.9	23.7	2.1	8.4	4.2	0.0
3	0	6	14.9	26.8	1.6	6.8	3.6	0.0
3	0	7	18.6	28.5	1.4	9.8	5.9	0.0
3	0	8	17.2	27.4	1.6	10.6	6.8	0.0
3	0	9	11.5	25.2	1.8	7.4	4.0	0.0
3	0	10	4.6	20.7	2.2	7.2	3.6	0.0
3	0	11	-0.9	16.6	2.3	8.9	5.2	0.0
3	0	12	-7.5	12.4	3.3	8.3	4.2	0.0
4	0	1	-10.9	10.2	3.5	8.7	4.0	0.0
4	0	2	-8.8	10.2	3.4	7.7	3.3	0.0
4	0	3	-3.0	14.7	3.2	9.2	3.9	0.0	
4	0	4	2.9	19.0	2.4	9.0	4.6	0.0
4	0	5	8.9	23.7	2.1	8.4	4.2	0.0
4	0	6	14.9	26.8	1.6	6.8	3.6	0.0
4	0	7	18.6	28.5	1.4	9.8	5.9	0.0
4	0	8	17.2	27.4	1.6	10.6	6.8	0.0
4	0	9	11.5	25.2	1.8	7.4	4.0	0.0
4	0	10	4.6	20.7	2.2	7.2	3.6	0.0
4	0	11	-0.9	16.6	2.3	8.9	5.2	0.0
4	0	12	-7.5	12.4	3.3	8.3	4.2	0.0
5	0	1	-10.9	10.2	3.5	8.7	4.0	0.0
5	0	2	-8.8	10.2	3.4	7.7	3.3	0.0
5	0	3	-3.0	14.7	3.2	9.2	3.9	0.0	
5	0	4	2.9	19.0	2.4	9.0	4.6	0.0
5	0	5	8.9	23.7	2.1	8.4	4.2	0.0
5	0	6	14.9	26.8	1.6	6.8	3.6	0.0
5	0	7	18.6	28.5	1.4	9.8	5.9	0.0
5	0	8	17.2	27.4	1.6	10.6	6.8	0.0
5	0	9	11.5	25.2	1.8	7.4	4.0	0.0
5	0	10	4.6	20.7	2.2	7.2	3.6	0.0
5	0	11	-0.9	16.6	2.3	8.9	5.2	0.0
5	0	12	-7.5	12.4	3.3	8.3	4.2	0.0
6	0	1	-10.9	10.2	3.5	8.7	4.0	0.0
6	0	2	-8.8	10.2	3.4	7.7	3.3	0.0
6	0	3	-3.0	14.7	3.2	9.2	3.9	0.0	
6	0	4	2.9	19.0	2.4	9.0	4.6	0.0
6	0	5	8.9	23.7	2.1	8.4	4.2	0.0
6	0	6	14.9	26.8	1.6	6.8	3.6	0.0
6	0	7	18.6	28.5	1.4	9.8	5.9	0.0
6	0	8	17.2	27.4	1.6	10.6	6.8	0.0
6	0	9	11.5	25.2	1.8	7.4	4.0	0.0
6	0	10	4.6	20.7	2.2	7.2	3.6	0.0
6	0	11	-0.9	16.6	2.3	8.9	5.2	0.0
6	0	12	-7.5	12.4	3.3	8.3	4.2	0.0
7	0	1	-10.9	10.2	3.5	8.7	4.0	0.0
7	0	2	-8.8	10.2	3.4	7.7	3.3	0.0
7	0	3	-3.0	14.7	3.2	9.2	3.9	0.0	
7	0	4	2.9	19.0	2.4	9.0	4.6	0.0
7	0	5	8.9	23.7	2.1	8.4	4.2	0.0
7	0	6	14.9	26.8	1.6	6.8	3.6	0.0
7	0	7	18.6	28.5	1.4	9.8	5.9	0.0
7	0	8	17.2	27.4	1.6	10.6	6.8	0.0
7	0	9	11.5	25.2	1.8	7.4	4.0	0.0
7	0	10	4.6	20.7	2.2	7.2	3.6	0.0
7	0	11	-0.9	16.6	2.3	8.9	5.2	0.0
7	0	12	-7.5	12.4	3.3	8.3	4.2	0.0
8	0	1	-10.9	10.2	3.5	8.7	4.0	0.0
8	0	2	-8.8	10.2	3.4	7.7	3.3	0.0
8	0	3	-3.0	14.7	3.2	9.2	3.9	0.0	
8	0	4	2.9	19.0	2.4	9.0	4.6	0.0
8	0	5	8.9	23.7	2.1	8.4	4.2	0.0
8	0	6	14.9	26.8	1.6	6.8	3.6	0.0
8	0	7	18.6	28.5	1.4	9.8	5.9	0.0
8	0	8	17.2	27.4	1.6	10.6	6.8	0.0
8	0	9	11.5	25.2	1.8	7.4	4.0	0.0
8	0	10	4.6	20.7	2.2	7.2	3.6	0.0
8	0	11	-0.9	16.6	2.3	8.9	5.2	0.0
8	0	12	-7.5	12.4	3.3	8.3	4.2	0.0
2	5	1	-12.20	-1.60	2.22	11.26	3.44	0.00
2	5	2	-9.97	0.19	2.33	8.62	2.42	0.00
2	5	3	-3.73	7.68	1.66	10.93	2.42	0.00
2	5	4	3.94	14.83	1.45	11.35	3.38	0.00
2	5	5	10.36	22.27	1.27	10.51	3.21	0.00
2	5	6	15.10	26.72	1.44	12.64	3.63	0.00
2	5	7	17.81	28.65	1.19	7.17	1.88	0.00
2	5	8	18.24	28.47	1.51	6.55	2.48	0.00
2	5	9	14.44	25.79	1.47	6.89	1.97	0.00
2	5	10	6.40	18.60	1.77	3.95	1.29	0.00
2	5	11	-2.07	8.90	1.59	10.76	3.68	0.00
2	5	12	-9.64	0.69	1.82	8.40	2.06	0.00
3	5	1	-12.20	-1.60	2.22	11.26	3.44	0.00
3	5	2	-9.97	0.19	2.33	8.62	2.42	0.00
3	5	3	-3.73	7.68	1.66	10.93	2.42	0.00
3	5	4	3.94	14.83	1.45	11.35	3.38	0.00
3	5	5	10.36	22.27	1.27	10.51	3.21	0.00
3	5	6	15.10	26.72	1.44	12.64	3.63	0.00
3	5	7	17.81	28.65	1.19	7.17	1.88	0.00
3	5	8	18.24	28.47	1.51	6.55	2.48	0.00
3	5	9	14.44	25.79	1.47	6.89	1.97	0.00
3	5	10	6.40	18.60	1.77	3.95	1.29	0.00
3	5	11	-2.07	8.90	1.59	10.76	3.68	0.00
3	5	12	-9.64	0.69	1.82	8.40	2.06	0.00
4	5	1	-12.20	-1.60	2.22	11.26	3.44	0.00
4	5	2	-9.97	0.19	2.33	8.62	2.42	0.00
4	5	3	-3.73	7.68	1.66	10.93	2.42	0.00
4	5	4	3.94	14.83	1.45	11.35	3.38	0.00
4	5	5	10.36	22.27	1.27	10.51	3.21	0.00
4	5	6	15.10	26.72	1.44	12.64	3.63	0.00
4	5	7	17.81	28.65	1.19	7.17	1.88	0.00
4	5	8	18.24	28.47	1.51	6.55	2.48	0.00
4	5	9	14.44	25.79	1.47	6.89	1.97	0.00
4	5	10	6.40	18.60	1.77	3.95	1.29	0.00
4	5	11	-2.07	8.90	1.59	10.76	3.68	0.00
4	5	12	-9.64	0.69	1.82	8.40	2.06	0.00
5	5	1	-12.20	-1.60	2.22	11.26	3.44	0.00
5	5	2	-9.97	0.19	2.33	8.62	2.42	0.00
5	5	3	-3.73	7.68	1.66	10.93	2.42	0.00
5	5	4	3.94	14.83	1.45	11.35	3.38	0.00
5	5	5	10.36	22.27	1.27	10.51	3.21	0.00
5	5	6	15.10	26.72	1.44	12.64	3.63	0.00
5	5	7	17.81	28.65	1.19	7.17	1.88	0.00
5	5	8	18.24	28.47	1.51	6.55	2.48	0.00
5	5	9	14.44	25.79	1.47	6.89	1.97	0.00
5	5	10	6.40	18.60	1.77	3.95	1.29	0.00
5	5	11	-2.07	8.90	1.59	10.76	3.68	0.00
5	5	12	-9.64	0.69	1.82	8.40	2.06	0.00
6	5	1	-12.20	-1.60	2.22	11.26	3.44	0.00
6	5	2	-9.97	0.19	2.33	8.62	2.42	0.00
6	5	3	-3.73	7.68	1.66	10.93	2.42	0.00
6	5	4	3.94	14.83	1.45	11.35	3.38	0.00
6	5	5	10.36	22.27	1.27	10.51	3.21	0.00
6	5	6	15.10	26.72	1.44	12.64	3.63	0.00
6	5	7	17.81	28.65	1.19	7.17	1.88	0.00
6	5	8	18.24	28.47	1.51	6.55	2.48	0.00
6	5	9	14.44	25.79	1.47	6.89	1.97	0.00
6	5	10	6.40	18.60	1.77	3.95	1.29	0.00
6	5	11	-2.07	8.90	1.59	10.76	3.68	0.00
6	5	12	-9.64	0.69	1.82	8.40	2.06	0.00
7	5	1	-12.20	-1.60	2.22	11.26	3.44	0.00
7	5	2	-9.97	0.19	2.33	8.62	2.42	0.00
7	5	3	-3.73	7.68	1.66	10.93	2.42	0.00
7	5	4	3.94	14.83	1.45	11.35	3.38	0.00
7	5	5	10.36	22.27	1.27	10.51	3.21	0.00
7	5	6	15.10	26.72	1.44	12.64	3.63	0.00
7	5	7	17.81	28.65	1.19	7.17	1.88	0.00
7	5	8	18.24	28.47	1.51	6.55	2.48	0.00
7	5	9	14.44	25.79	1.47	6.89	1.97	0.00
7	5	10	6.40	18.60	1.77	3.95	1.29	0.00
7	5	11	-2.07	8.90	1.59	10.76	3.68	0.00
7	5	12	-9.64	0.69	1.82	8.40	2.06	0.00
8	5	1	-12.20	-1.60	2.22	11.26	3.44	0.00
8	5	2	-9.97	0.19	2.33	8.62	2.42	0.00
8	5	3	-3.73	7.68	1.66	10.93	2.42	0.00
8	5	4	3.94	14.83	1.45	11.35	3.38	0.00
8	5	5	10.36	22.27	1.27	10.51	3.21	0.00
8	5	6	15.10	26.72	1.44	12.64	3.63	0.00
8	5	7	17.81	28.65	1.19	7.17	1.88	0.00
8	5	8	18.24	28.47	1.51	6.55	2.48	0.00
8	5	9	14.44	25.79	1.47	6.89	1.97	0.00
8	5	10	6.40	18.60	1.77	3.95	1.29	0.00
8	5	11	-2.07	8.90	1.59	10.76	3.68	0.00
8	5	12	-9.64	0.69	1.82	8.40	2.06	0.00
2	10	1	-11.93	-1.32	2.22	11.40	3.49	0.00
2	10	2	-10.36	-0.20	2.33	10.93	3.05	0.00
2	10	3	-3.04	8.36	1.66	10.73	2.38	0.00
2	10	4	5.78	16.67	1.45	10.99	3.28	0.00
2	10	5	11.66	23.57	1.27	8.22	2.50	0.00
2	10	6	15.63	27.26	1.44	7.56	2.24	0.00
2	10	7	18.69	29.53	1.19	10.17	2.69	0.00
2	10	8	18.93	29.17	1.51	8.67	3.34	0.00
2	10	9	13.54	24.89	1.47	6.42	1.84	0.00
2	10	10	4.79	16.99	1.77	7.96	2.61	0.00
2	10	11	-2.23	8.75	1.59	9.90	3.37	0.00
2	10	12	-8.59	1.73	1.82	12.40	2.95	0.00
3	10	1	-11.93	-1.32	2.22	11.40	3.49	0.00
3	10	2	-10.36	-0.20	2.33	10.93	3.05	0.00
3	10	3	-3.04	8.36	1.66	10.73	2.38	0.00
3	10	4	5.78	16.67	1.45	10.99	3.28	0.00
3	10	5	11.66	23.57	1.27	8.22	2.50	0.00
3	10	6	15.63	27.26	1.44	7.56	2.24	0.00
3	10	7	18.69	29.53	1.19	10.17	2.69	0.00
3	10	8	18.93	29.17	1.51	8.67	3.34	0.00
3	10	9	13.54	24.89	1.47	6.42	1.84	0.00
3	10	10	4.79	16.99	1.77	7.96	2.61	0.00
3	10	11	-2.23	8.75	1.59	9.90	3.37	0.00
3	10	12	-8.59	1.73	1.82	12.40	2.95	0.00
4	10	1	-11.93	-1.32	2.22	11.40	3.49	0.00
4	10	2	-10.36	-0.20	2.33	10.93	3.05	0.00
4	10	3	-3.04	8.36	1.66	10.73	2.38	0.00
4	10	4	5.78	16.67	1.45	10.99	3.28	0.00
4	10	5	11.66	23.57	1.27	8.22	2.50	0.00
4	10	6	15.63	27.26	1.44	7.56	2.24	0.00
4	10	7	18.69	29.53	1.19	10.17	2.69	0.00
4	10	8	18.93	29.17	1.51	8.67	3.34	0.00
4	10	9	13.54	24.89	1.47	6.42	1.84	0.00
4	10	10	4.79	16.99	1.77	7.96	2.61	0.00
4	10	11	-2.23	8.75	1.59	9.90	3.37	0.00
4	10	12	-8.59	1.73	1.82	12.40	2.95	0.00
5	10	1	-11.93	-1.32	2.22	11.40	3.49	0.00
5	10	2	-10.36	-0.20	2.33	10.93	3.05	0.00
5	10	3	-3.04	8.36	1.66	10.73	2.38	0.00
5	10	4	5.78	16.67	1.45	10.99	3.28	0.00
5	10	5	11.66	23.57	1.27	8.22	2.50	0.00
5	10	6	15.63	27.26	1.44	7.56	2.24	0.00
5	10	7	18.69	29.53	1.19	10.17	2.69	0.00
5	10	8	18.93	29.17	1.51	8.67	3.34	0.00
5	10	9	13.54	24.89	1.47	6.42	1.84	0.00
5	10	10	4.79	16.99	1.77	7.96	2.61	0.00
5	10	11	-2.23	8.75	1.59	9.90	3.37	0.00
5	10	12	-8.59	1.73	1.82	12.40	2.95	0.00
6	10	1	-11.93	-1.32	2.22	11.40	3.49	0.00
6	10	2	-10.36	-0.20	2.33	10.93	3.05	0.00
6	10	3	-3.04	8.36	1.66	10.73	2.38	0.00
6	10	4	5.78	16.67	1.45	10.99	3.28	0.00
6	10	5	11.66	23.57	1.27	8.22	2.50	0.00
6	10	6	15.63	27.26	1.44	7.56	2.24	0.00
6	10	7	18.69	29.53	1.19	10.17	2.69	0.00
6	10	8	18.93	29.17	1.51	8.67	3.34	0.00
6	10	9	13.54	24.89	1.47	6.42	1.84	0.00
6	10	10	4.79	16.99	1.77	7.96	2.61	0.00
6	10	11	-2.23	8.75	1.59	9.90	3.37	0.00
6	10	12	-8.59	1.73	1.82	12.40	2.95	0.00
7	10	1	-11.93	-1.32	2.22	11.40	3.49	0.00
7	10	2	-10.36	-0.20	2.33	10.93	3.05	0.00
7	10	3	-3.04	8.36	1.66	10.73	2.38	0.00
7	10	4	5.78	16.67	1.45	10.99	3.28	0.00
7	10	5	11.66	23.57	1.27	8.22	2.50	0.00
7	10	6	15.63	27.26	1.44	7.56	2.24	0.00
7	10	7	18.69	29.53	1.19	10.17	2.69	0.00
7	10	8	18.93	29.17	1.51	8.67	3.34	0.00
7	10	9	13.54	24.89	1.47	6.42	1.84	0.00
7	10	10	4.79	16.99	1.77	7.96	2.61	0.00
7	10	11	-2.23	8.75	1.59	9.90	3.37	0.00
7	10	12	-8.59	1.73	1.82	12.40	2.95	0.00
8	10	1	-11.93	-1.32	2.22	11.40	3.49	0.00
8	10	2	-10.36	-0.20	2.33	10.93	3.05	0.00
8	10	3	-3.04	8.36	1.66	10.73	2.38	0.00
8	10	4	5.78	16.67	1.45	10.99	3.28	0.00
8	10	5	11.66	23.57	1.27	8.22	2.50	0.00
8	10	6	15.63	27.26	1.44	7.56	2.24	0.00
8	10	7	18.69	29.53	1.19	10.17	2.69	0.00
8	10	8	18.93	29.17	1.51	8.67	3.34	0.00
8	10	9	13.54	24.89	1.47	6.42	1.84	0.00
8	10	10	4.79	16.99	1.77	7.96	2.61	0.00
8	10	11	-2.23	8.75	1.59	9.90	3.37	0.00
8	10	12	-8.59	1.73	1.82	12.40	2.95	0.00
2	15	1	-9.09	1.51	2.22	7.99	2.44	0.00
2	15	2	-8.73	1.43	2.33	8.86	2.47	0.00
2	15	3	-3.03	8.37	1.66	8.92	1.98	0.00
2	15	4	5.20	16.09	1.45	5.58	1.67	0.00
2	15	5	11.38	23.29	1.27	12.95	3.88	0.00
2	15	6	15.26	26.89	1.44	10.46	3.04	0.00
2	15	7	17.99	28.83	1.19	7.47	2.00	0.00
2	15	8	18.89	29.13	1.51	10.77	4.21	0.00
2	15	9	14.84	26.19	1.47	3.73	1.18	0.00
2	15	10	6.91	19.11	1.77	4.17	1.37	0.00
2	15	11	0.17	11.14	1.59	8.35	2.84	0.00
2	15	12	-5.77	4.56	1.82	14.97	3.49	0.00
3	15	1	-9.09	1.51	2.22	7.99	2.44	0.00
3	15	2	-8.73	1.43	2.33	8.86	2.47	0.00
3	15	3	-3.03	8.37	1.66	8.92	1.98	0.00
3	15	4	5.20	16.09	1.45	5.58	1.67	0.00
3	15	5	11.38	23.29	1.27	12.95	3.88	0.00
3	15	6	15.26	26.89	1.44	10.46	3.04	0.00
3	15	7	17.99	28.83	1.19	7.47	2.00	0.00
3	15	8	18.89	29.13	1.51	10.77	4.21	0.00
3	15	9	14.84	26.19	1.47	3.73	1.18	0.00
3	15	10	6.91	19.11	1.77	4.17	1.37	0.00
3	15	11	0.17	11.14	1.59	8.35	2.84	0.00
3	15	12	-5.77	4.56	1.82	14.97	3.49	0.00
4	15	1	-9.09	1.51	2.22	7.99	2.44	0.00
4	15	2	-8.73	1.43	2.33	8.86	2.47	0.00
4	15	3	-3.03	8.37	1.66	8.92	1.98	0.00
4	15	4	5.20	16.09	1.45	5.58	1.67	0.00
4	15	5	11.38	23.29	1.27	12.95	3.88	0.00
4	15	6	15.26	26.89	1.44	10.46	3.04	0.00
4	15	7	17.99	28.83	1.19	7.47	2.00	0.00
4	15	8	18.89	29.13	1.51	10.77	4.21	0.00
4	15	9	14.84	26.19	1.47	3.73	1.18	0.00
4	15	10	6.91	19.11	1.77	4.17	1.37	0.00
4	15	11	0.17	11.14	1.59	8.35	2.84	0.00
4	15	12	-5.77	4.56	1.82	14.97	3.49	0.00
5	15	1	-9.09	1.51	2.22	7.99	2.44	0.00
5	15	2	-8.73	1.43	2.33	8.86	2.47	0.00
5	15	3	-3.03	8.37	1.66	8.92	1.98	0.00
5	15	4	5.20	16.09	1.45	5.58	1.67	0.00
5	15	5	11.38	23.29	1.27	12.95	3.88	0.00
5	15	6	15.26	26.89	1.44	10.46	3.04	0.00
5	15	7	17.99	28.83	1.19	7.47	2.00	0.00
5	15	8	18.89	29.13	1.51	10.77	4.21	0.00
5	15	9	14.84	26.19	1.47	3.73	1.18	0.00
5	15	10	6.91	19.11	1.77	4.17	1.37	0.00
5	15	11	0.17	11.14	1.59	8.35	2.84	0.00
5	15	12	-5.77	4.56	1.82	14.97	3.49	0.00
6	15	1	-9.09	1.51	2.22	7.99	2.44	0.00
6	15	2	-8.73	1.43	2.33	8.86	2.47	0.00
6	15	3	-3.03	8.37	1.66	8.92	1.98	0.00
6	15	4	5.20	16.09	1.45	5.58	1.67	0.00
6	15	5	11.38	23.29	1.27	12.95	3.88	0.00
6	15	6	15.26	26.89	1.44	10.46	3.04	0.00
6	15	7	17.99	28.83	1.19	7.47	2.00	0.00
6	15	8	18.89	29.13	1.51	10.77	4.21	0.00
6	15	9	14.84	26.19	1.47	3.73	1.18	0.00
6	15	10	6.91	19.11	1.77	4.17	1.37	0.00
6	15	11	0.17	11.14	1.59	8.35	2.84	0.00
6	15	12	-5.77	4.56	1.82	14.97	3.49	0.00
7	15	1	-9.09	1.51	2.22	7.99	2.44	0.00
7	15	2	-8.73	1.43	2.33	8.86	2.47	0.00
7	15	3	-3.03	8.37	1.66	8.92	1.98	0.00
7	15	4	5.20	16.09	1.45	5.58	1.67	0.00
7	15	5	11.38	23.29	1.27	12.95	3.88	0.00
7	15	6	15.26	26.89	1.44	10.46	3.04	0.00
7	15	7	17.99	28.83	1.19	7.47	2.00	0.00
7	15	8	18.89	29.13	1.51	10.77	4.21	0.00
7	15	9	14.84	26.19	1.47	3.73	1.18	0.00
7	15	10	6.91	19.11	1.77	4.17	1.37	0.00
7	15	11	0.17	11.14	1.59	8.35	2.84	0.00
7	15	12	-5.77	4.56	1.82	14.97	3.49	0.00
8	15	1	-9.09	1.51	2.22	7.99	2.44	0.00
8	15	2	-8.73	1.43	2.33	8.86	2.47	0.00
8	15	3	-3.03	8.37	1.66	8.92	1.98	0.00
8	15	4	5.20	16.09	1.45	5.58	1.67	0.00
8	15	5	11.38	23.29	1.27	12.95	3.88	0.00
8	15	6	15.26	26.89	1.44	10.46	3.04	0.00
8	15	7	17.99	28.83	1.19	7.47	2.00	0.00
8	15	8	18.89	29.13	1.51	10.77	4.21	0.00
8	15	9	14.84	26.19	1.47	3.73	1.18	0.00
8	15	10	6.91	19.11	1.77	4.17	1.37	0.00
8	15	11	0.17	11.14	1.59	8.35	2.84	0.00
8	15	12	-5.77	4.56	1.82	14.97	3.49	0.00
2	20	1	-11.40	-0.80	2.22	9.75	2.96	0.00
2	20	2	-11.36	-1.21	2.33	7.89	2.21	0.00
2	20	3	-4.15	7.25	1.66	10.89	2.42	0.00
2	20	4	5.99	16.88	1.45	13.12	3.93	0.00
2	20	5	12.78	24.69	1.27	7.50	2.32	0.00
2	20	6	16.19	27.82	1.44	10.27	3.02	0.00
2	20	7	18.22	29.06	1.19	11.44	3.03	0.00
2	20	8	18.29	28.53	1.51	10.81	4.21	0.00
2	20	9	13.61	24.96	1.47	4.98	1.45	0.00
2	20	10	5.88	18.08	1.77	12.54	4.19	0.00
2	20	11	-0.30	10.68	1.59	10.60	3.63	0.00
2	20	12	-6.70	3.63	1.82	11.25	2.69	0.00
3	20	1	-11.40	-0.80	2.22	9.75	2.96	0.00
3	20	2	-11.36	-1.21	2.33	7.89	2.21	0.00
3	20	3	-4.15	7.25	1.66	10.89	2.42	0.00
3	20	4	5.99	16.88	1.45	13.12	3.93	0.00
3	20	5	12.78	24.69	1.27	7.50	2.32	0.00
3	20	6	16.19	27.82	1.44	10.27	3.02	0.00
3	20	7	18.22	29.06	1.19	11.44	3.03	0.00
3	20	8	18.29	28.53	1.51	10.81	4.21	0.00
3	20	9	13.61	24.96	1.47	4.98	1.45	0.00
3	20	10	5.88	18.08	1.77	12.54	4.19	0.00
3	20	11	-0.30	10.68	1.59	10.60	3.63	0.00
3	20	12	-6.70	3.63	1.82	11.25	2.69	0.00
4	20	1	-11.40	-0.80	2.22	9.75	2.96	0.00
4	20	2	-11.36	-1.21	2.33	7.89	2.21	0.00
4	20	3	-4.15	7.25	1.66	10.89	2.42	0.00
4	20	4	5.99	16.88	1.45	13.12	3.93	0.00
4	20	5	12.78	24.69	1.27	7.50	2.32	0.00
4	20	6	16.19	27.82	1.44	10.27	3.02	0.00
4	20	7	18.22	29.06	1.19	11.44	3.03	0.00
4	20	8	18.29	28.53	1.51	10.81	4.21	0.00
4	20	9	13.61	24.96	1.47	4.98	1.45	0.00
4	20	10	5.88	18.08	1.77	12.54	4.19	0.00
4	20	11	-0.30	10.68	1.59	10.60	3.63	0.00
4	20	12	-6.70	3.63	1.82	11.25	2.69	0.00
5	20	1	-11.40	-0.80	2.22	9.75	2.96	0.00
5	20	2	-11.36	-1.21	2.33	7.89	2.21	0.00
5	20	3	-4.15	7.25	1.66	10.89	2.42	0.00
5	20	4	5.99	16.88	1.45	13.12	3.93	0.00
5	20	5	12.78	24.69	1.27	7.50	2.32	0.00
5	20	6	16.19	27.82	1.44	10.27	3.02	0.00
5	20	7	18.22	29.06	1.19	11.44	3.03	0.00
5	20	8	18.29	28.53	1.51	10.81	4.21	0.00
5	20	9	13.61	24.96	1.47	4.98	1.45	0.00
5	20	10	5.88	18.08	1.77	12.54	4.19	0.00
5	20	11	-0.30	10.68	1.59	10.60	3.63	0.00
5	20	12	-6.70	3.63	1.82	11.25	2.69	0.00
6	20	1	-11.40	-0.80	2.22	9.75	2.96	0.00
6	20	2	-11.36	-1.21	2.33	7.89	2.21	0.00
6	20	3	-4.15	7.25	1.66	10.89	2.42	0.00
6	20	4	5.99	16.88	1.45	13.12	3.93	0.00
6	20	5	12.78	24.69	1.27	7.50	2.32	0.00
6	20	6	16.19	27.82	1.44	10.27	3.02	0.00
6	20	7	18.22	29.06	1.19	11.44	3.03	0.00
6	20	8	18.29	28.53	1.51	10.81	4.21	0.00
6	20	9	13.61	24.96	1.47	4.98	1.45	0.00
6	20	10	5.88	18.08	1.77	12.54	4.19	0.00
6	20	11	-0.30	10.68	1.59	10.60	3.63	0.00
6	20	12	-6.70	3.63	1.82	11.25	2.69	0.00
7	20	1	-11.40	-0.80	2.22	9.75	2.96	0.00
7	20	2	-11.36	-1.21	2.33	7.89	2.21	0.00
7	20	3	-4.15	7.25	1.66	10.89	2.42	0.00
7	20	4	5.99	16.88	1.45	13.12	3.93	0.00
7	20	5	12.78	24.69	1.27	7.50	2.32	0.00
7	20	6	16.19	27.82	1.44	10.27	3.02	0.00
7	20	7	18.22	29.06	1.19	11.44	3.03	0.00
7	20	8	18.29	28.53	1.51	10.81	4.21	0.00
7	20	9	13.61	24.96	1.47	4.98	1.45	0.00
7	20	10	5.88	18.08	1.77	12.54	4.19	0.00
7	20	11	-0.30	10.68	1.59	10.60	3.63	0.00
7	20	12	-6.70	3.63	1.82	11.25	2.69	0.00
8	20	1	-11.40	-0.80	2.22	9.75	2.96	0.00
8	20	2	-11.36	-1.21	2.33	7.89	2.21	0.00
8	20	3	-4.15	7.25	1.66	10.89	2.42	0.00
8	20	4	5.99	16.88	1.45	13.12	3.93	0.00
8	20	5	12.78	24.69	1.27	7.50	2.32	0.00
8	20	6	16.19	27.82	1.44	10.27	3.02	0.00
8	20	7	18.22	29.06	1.19	11.44	3.03	0.00
8	20	8	18.29	28.53	1.51	10.81	4.21	0.00
8	20	9	13.61	24.96	1.47	4.98	1.45	0.00
8	20	10	5.88	18.08	1.77	12.54	4.19	0.00
8	20	11	-0.30	10.68	1.59	10.60	3.63	0.00
8	20	12	-6.70	3.63	1.82	11.25	2.69	0.00
2	25	1	-10.54	0.06	2.22	9.78	2.97	0.00
2	25	2	-10.02	0.14	2.33	8.25	2.31	0.00
2	25	3	-3.43	7.97	1.66	10.58	2.33	0.00
2	25	4	5.39	16.28	1.45	7.47	2.22	0.00
2	25	5	11.66	23.58	1.27	8.48	2.57	0.00
2	25	6	16.15	27.78	1.44	8.86	2.57	0.00
2	25	7	19.84	30.67	1.19	7.48	1.97	0.00
2	25	8	20.51	30.75	1.51	6.45	2.43	0.00
2	25	9	14.96	26.31	1.47	8.38	2.37	0.00
2	25	10	5.96	18.16	1.77	6.04	1.97	0.00
2	25	11	-0.80	10.18	1.59	14.80	5.06	0.00
2	25	12	-6.78	3.55	1.82	12.69	3.07	0.00
3	25	1	-10.54	0.06	2.22	9.78	2.97	0.00
3	25	2	-10.02	0.14	2.33	8.25	2.31	0.00
3	25	3	-3.43	7.97	1.66	10.58	2.33	0.00
3	25	4	5.39	16.28	1.45	7.47	2.22	0.00
3	25	5	11.66	23.58	1.27	8.48	2.57	0.00
3	25	6	16.15	27.78	1.44	8.86	2.57	0.00
3	25	7	19.84	30.67	1.19	7.48	1.97	0.00
3	25	8	20.51	30.75	1.51	6.45	2.43	0.00
3	25	9	14.96	26.31	1.47	8.38	2.37	0.00
3	25	10	5.96	18.16	1.77	6.04	1.97	0.00
3	25	11	-0.80	10.18	1.59	14.80	5.06	0.00
3	25	12	-6.78	3.55	1.82	12.69	3.07	0.00
4	25	1	-10.54	0.06	2.22	9.78	2.97	0.00
4	25	2	-10.02	0.14	2.33	8.25	2.31	0.00
4	25	3	-3.43	7.97	1.66	10.58	2.33	0.00
4	25	4	5.39	16.28	1.45	7.47	2.22	0.00
4	25	5	11.66	23.58	1.27	8.48	2.57	0.00
4	25	6	16.15	27.78	1.44	8.86	2.57	0.00
4	25	7	19.84	30.67	1.19	7.48	1.97	0.00
4	25	8	20.51	30.75	1.51	6.45	2.43	0.00
4	25	9	14.96	26.31	1.47	8.38	2.37	0.00
4	25	10	5.96	18.16	1.77	6.04	1.97	0.00
4	25	11	-0.80	10.18	1.59	14.80	5.06	0.00
4	25	12	-6.78	3.55	1.82	12.69	3.07	0.00
5	25	1	-10.54	0.06	2.22	9.78	2.97	0.00
5	25	2	-10.02	0.14	2.33	8.25	2.31	0.00
5	25	3	-3.43	7.97	1.66	10.58	2.33	0.00
5	25	4	5.39	16.28	1.45	7.47	2.22	0.00
5	25	5	11.66	23.58	1.27	8.48	2.57	0.00
5	25	6	16.15	27.78	1.44	8.86	2.57	0.00
5	25	7	19.84	30.67	1.19	7.48	1.97	0.00
5	25	8	20.51	30.75	1.51	6.45	2.43	0.00
5	25	9	14.96	26.31	1.47	8.38	2.37	0.00
5	25	10	5.96	18.16	1.77	6.04	1.97	0.00
5	25	11	-0.80	10.18	1.59	14.80	5.06	0.00
5	25	12	-6.78	3.55	1.82	12.69	3.07	0.00
6	25	1	-10.54	0.06	2.22	9.78	2.97	0.00
6	25	2	-10.02	0.14	2.33	8.25	2.31	0.00
6	25	3	-3.43	7.97	1.66	10.58	2.33	0.00
6	25	4	5.39	16.28	1.45	7.47	2.22	0.00
6	25	5	11.66	23.58	1.27	8.48	2.57	0.00
6	25	6	16.15	27.78	1.44	8.86	2.57	0.00
6	25	7	19.84	30.67	1.19	7.48	1.97	0.00
6	25	8	20.51	30.75	1.51	6.45	2.43	0.00
6	25	9	14.96	26.31	1.47	8.38	2.37	0.00
6	25	10	5.96	18.16	1.77	6.04	1.97	0.00
6	25	11	-0.80	10.18	1.59	14.80	5.06	0.00
6	25	12	-6.78	3.55	1.82	12.69	3.07	0.00
7	25	1	-10.54	0.06	2.22	9.78	2.97	0.00
7	25	2	-10.02	0.14	2.33	8.25	2.31	0.00
7	25	3	-3.43	7.97	1.66	10.58	2.33	0.00
7	25	4	5.39	16.28	1.45	7.47	2.22	0.00
7	25	5	11.66	23.58	1.27	8.48	2.57	0.00
7	25	6	16.15	27.78	1.44	8.86	2.57	0.00
7	25	7	19.84	30.67	1.19	7.48	1.97	0.00
7	25	8	20.51	30.75	1.51	6.45	2.43	0.00
7	25	9	14.96	26.31	1.47	8.38	2.37	0.00
7	25	10	5.96	18.16	1.77	6.04	1.97	0.00
7	25	11	-0.80	10.18	1.59	14.80	5.06	0.00
7	25	12	-6.78	3.55	1.82	12.69	3.07	0.00
8	25	1	-10.54	0.06	2.22	9.78	2.97	0.00
8	25	2	-10.02	0.14	2.33	8.25	2.31	0.00
8	25	3	-3.43	7.97	1.66	10.58	2.33	0.00
8	25	4	5.39	16.28	1.45	7.47	2.22	0.00
8	25	5	11.66	23.58	1.27	8.48	2.57	0.00
8	25	6	16.15	27.78	1.44	8.86	2.57	0.00
8	25	7	19.84	30.67	1.19	7.48	1.97	0.00
8	25	8	20.51	30.75	1.51	6.45	2.43	0.00
8	25	9	14.96	26.31	1.47	8.38	2.37	0.00
8	25	10	5.96	18.16	1.77	6.04	1.97	0.00
8	25	11	-0.80	10.18	1.59	14.80	5.06	0.00
8	25	12	-6.78	3.55	1.82	12.69	3.07	0.00
2	30	1	-8.95	1.65	2.22	10.14	3.19	0.00
2	30	2	-6.19	3.97	2.33	14.30	3.98	0.00
2	30	3	-0.73	10.67	1.66	8.90	2.02	0.00
2	30	4	6.02	16.90	1.45	11.03	3.29	0.00
2	30	5	12.39	24.31	1.27	9.44	2.85	0.00
2	30	6	17.62	29.24	1.44	5.23	1.56	0.00
2	30	7	20.49	31.33	1.19	6.45	1.73	0.00
2	30	8	20.46	30.70	1.51	7.97	3.04	0.00
2	30	9	15.80	27.15	1.47	6.59	1.85	0.00
2	30	10	6.88	19.08	1.77	11.19	3.71	0.00
2	30	11	-1.68	9.29	1.59	14.54	5.00	0.00
2	30	12	-8.05	2.28	1.82	9.29	2.30	0.00
3	30	1	-8.95	1.65	2.22	10.14	3.19	0.00
3	30	2	-6.19	3.97	2.33	14.30	3.98	0.00
3	30	3	-0.73	10.67	1.66	8.90	2.02	0.00
3	30	4	6.02	16.90	1.45	11.03	3.29	0.00
3	30	5	12.39	24.31	1.27	9.44	2.85	0.00
3	30	6	17.62	29.24	1.44	5.23	1.56	0.00
3	30	7	20.49	31.33	1.19	6.45	1.73	0.00
3	30	8	20.46	30.70	1.51	7.97	3.04	0.00
3	30	9	15.80	27.15	1.47	6.59	1.85	0.00
3	30	10	6.88	19.08	1.77	11.19	3.71	0.00
3	30	11	-1.68	9.29	1.59	14.54	5.00	0.00
3	30	12	-8.05	2.28	1.82	9.29	2.30	0.00
4	30	1	-8.95	1.65	2.22	10.14	3.19	0.00
4	30	2	-6.19	3.97	2.33	14.30	3.98	0.00
4	30	3	-0.73	10.67	1.66	8.90	2.02	0.00
4	30	4	6.02	16.90	1.45	11.03	3.29	0.00
4	30	5	12.39	24.31	1.27	9.44	2.85	0.00
4	30	6	17.62	29.24	1.44	5.23	1.56	0.00
4	30	7	20.49	31.33	1.19	6.45	1.73	0.00
4	30	8	20.46	30.70	1.51	7.97	3.04	0.00
4	30	9	15.80	27.15	1.47	6.59	1.85	0.00
4	30	10	6.88	19.08	1.77	11.19	3.71	0.00
4	30	11	-1.68	9.29	1.59	14.54	5.00	0.00
4	30	12	-8.05	2.28	1.82	9.29	2.30	0.00
5	30	1	-8.95	1.65	2.22	10.14	3.19	0.00
5	30	2	-6.19	3.97	2.33	14.30	3.98	0.00
5	30	3	-0.73	10.67	1.66	8.90	2.02	0.00
5	30	4	6.02	16.90	1.45	11.03	3.29	0.00
5	30	5	12.39	24.31	1.27	9.44	2.85	0.00
5	30	6	17.62	29.24	1.44	5.23	1.56	0.00
5	30	7	20.49	31.33	1.19	6.45	1.73	0.00
5	30	8	20.46	30.70	1.51	7.97	3.04	0.00
5	30	9	15.80	27.15	1.47	6.59	1.85	0.00
5	30	10	6.88	19.08	1.77	11.19	3.71	0.00
5	30	11	-1.68	9.29	1.59	14.54	5.00	0.00
5	30	12	-8.05	2.28	1.82	9.29	2.30	0.00
6	30	1	-8.95	1.65	2.22	10.14	3.19	0.00
6	30	2	-6.19	3.97	2.33	14.30	3.98	0.00
6	30	3	-0.73	10.67	1.66	8.90	2.02	0.00
6	30	4	6.02	16.90	1.45	11.03	3.29	0.00
6	30	5	12.39	24.31	1.27	9.44	2.85	0.00
6	30	6	17.62	29.24	1.44	5.23	1.56	0.00
6	30	7	20.49	31.33	1.19	6.45	1.73	0.00
6	30	8	20.46	30.70	1.51	7.97	3.04	0.00
6	30	9	15.80	27.15	1.47	6.59	1.85	0.00
6	30	10	6.88	19.08	1.77	11.19	3.71	0.00
6	30	11	-1.68	9.29	1.59	14.54	5.00	0.00
6	30	12	-8.05	2.28	1.82	9.29	2.30	0.00
7	30	1	-8.95	1.65	2.22	10.14	3.19	0.00
7	30	2	-6.19	3.97	2.33	14.30	3.98	0.00
7	30	3	-0.73	10.67	1.66	8.90	2.02	0.00
7	30	4	6.02	16.90	1.45	11.03	3.29	0.00
7	30	5	12.39	24.31	1.27	9.44	2.85	0.00
7	30	6	17.62	29.24	1.44	5.23	1.56	0.00
7	30	7	20.49	31.33	1.19	6.45	1.73	0.00
7	30	8	20.46	30.70	1.51	7.97	3.04	0.00
7	30	9	15.80	27.15	1.47	6.59	1.85	0.00
7	30	10	6.88	19.08	1.77	11.19	3.71	0.00
7	30	11	-1.68	9.29	1.59	14.54	5.00	0.00
7	30	12	-8.05	2.28	1.82	9.29	2.30	0.00
8	30	1	-8.95	1.65	2.22	10.14	3.19	0.00
8	30	2	-6.19	3.97	2.33	14.30	3.98	0.00
8	30	3	-0.73	10.67	1.66	8.90	2.02	0.00
8	30	4	6.02	16.90	1.45	11.03	3.29	0.00
8	30	5	12.39	24.31	1.27	9.44	2.85	0.00
8	30	6	17.62	29.24	1.44	5.23	1.56	0.00
8	30	7	20.49	31.33	1.19	6.45	1.73	0.00
8	30	8	20.46	30.70	1.51	7.97	3.04	0.00
8	30	9	15.80	27.15	1.47	6.59	1.85	0.00
8	30	10	6.88	19.08	1.77	11.19	3.71	0.00
8	30	11	-1.68	9.29	1.59	14.54	5.00	0.00
8	30	12	-8.05	2.28	1.82	9.29	2.30	0.00
2	35	1	-9.35	1.26	2.22	7.27	2.26	0.00
2	35	2	-6.94	3.21	2.33	12.03	3.36	0.00
2	35	3	-0.36	11.04	1.66	11.95	2.65	0.00
2	35	4	7.19	18.07	1.45	10.47	3.13	0.00
2	35	5	12.73	24.64	1.27	7.55	2.31	0.00
2	35	6	16.78	28.41	1.44	9.59	2.81	0.00
2	35	7	19.65	30.49	1.19	9.88	2.60	0.00
2	35	8	20.37	30.61	1.51	7.88	3.03	0.00
2	35	9	16.32	27.67	1.47	6.25	1.79	0.00
2	35	10	8.05	20.25	1.77	6.36	2.08	0.00
2	35	11	-0.01	10.97	1.59	11.49	3.91	0.00
2	35	12	-6.99	3.33	1.82	14.73	3.47	0.00
3	35	1	-9.35	1.26	2.22	7.27	2.26	0.00
3	35	2	-6.94	3.21	2.33	12.03	3.36	0.00
3	35	3	-0.36	11.04	1.66	11.95	2.65	0.00
3	35	4	7.19	18.07	1.45	10.47	3.13	0.00
3	35	5	12.73	24.64	1.27	7.55	2.31	0.00
3	35	6	16.78	28.41	1.44	9.59	2.81	0.00
3	35	7	19.65	30.49	1.19	9.88	2.60	0.00
3	35	8	20.37	30.61	1.51	7.88	3.03	0.00
3	35	9	16.32	27.67	1.47	6.25	1.79	0.00
3	35	10	8.05	20.25	1.77	6.36	2.08	0.00
3	35	11	-0.01	10.97	1.59	11.49	3.91	0.00
3	35	12	-6.99	3.33	1.82	14.73	3.47	0.00
4	35	1	-9.35	1.26	2.22	7.27	2.26	0.00
4	35	2	-6.94	3.21	2.33	12.03	3.36	0.00
4	35	3	-0.36	11.04	1.66	11.95	2.65	0.00
4	35	4	7.19	18.07	1.45	10.47	3.13	0.00
4	35	5	12.73	24.64	1.27	7.55	2.31	0.00
4	35	6	16.78	28.41	1.44	9.59	2.81	0.00
4	35	7	19.65	30.49	1.19	9.88	2.60	0.00
4	35	8	20.37	30.61	1.51	7.88	3.03	0.00
4	35	9	16.32	27.67	1.47	6.25	1.79	0.00
4	35	10	8.05	20.25	1.77	6.36	2.08	0.00
4	35	11	-0.01	10.97	1.59	11.49	3.91	0.00
4	35	12	-6.99	3.33	1.82	14.73	3.47	0.00
5	35	1	-9.35	1.26	2.22	7.27	2.26	0.00
5	35	2	-6.94	3.21	2.33	12.03	3.36	0.00
5	35	3	-0.36	11.04	1.66	11.95	2.65	0.00
5	35	4	7.19	18.07	1.45	10.47	3.13	0.00
5	35	5	12.73	24.64	1.27	7.55	2.31	0.00
5	35	6	16.78	28.41	1.44	9.59	2.81	0.00
5	35	7	19.65	30.49	1.19	9.88	2.60	0.00
5	35	8	20.37	30.61	1.51	7.88	3.03	0.00
5	35	9	16.32	27.67	1.47	6.25	1.79	0.00
5	35	10	8.05	20.25	1.77	6.36	2.08	0.00
5	35	11	-0.01	10.97	1.59	11.49	3.91	0.00
5	35	12	-6.99	3.33	1.82	14.73	3.47	0.00
6	35	1	-9.35	1.26	2.22	7.27	2.26	0.00
6	35	2	-6.94	3.21	2.33	12.03	3.36	0.00
6	35	3	-0.36	11.04	1.66	11.95	2.65	0.00
6	35	4	7.19	18.07	1.45	10.47	3.13	0.00
6	35	5	12.73	24.64	1.27	7.55	2.31	0.00
6	35	6	16.78	28.41	1.44	9.59	2.81	0.00
6	35	7	19.65	30.49	1.19	9.88	2.60	0.00
6	35	8	20.37	30.61	1.51	7.88	3.03	0.00
6	35	9	16.32	27.67	1.47	6.25	1.79	0.00
6	35	10	8.05	20.25	1.77	6.36	2.08	0.00
6	35	11	-0.01	10.97	1.59	11.49	3.91	0.00
6	35	12	-6.99	3.33	1.82	14.73	3.47	0.00
7	35	1	-9.35	1.26	2.22	7.27	2.26	0.00
7	35	2	-6.94	3.21	2.33	12.03	3.36	0.00
7	35	3	-0.36	11.04	1.66	11.95	2.65	0.00
7	35	4	7.19	18.07	1.45	10.47	3.13	0.00
7	35	5	12.73	24.64	1.27	7.55	2.31	0.00
7	35	6	16.78	28.41	1.44	9.59	2.81	0.00
7	35	7	19.65	30.49	1.19	9.88	2.60	0.00
7	35	8	20.37	30.61	1.51	7.88	3.03	0.00
7	35	9	16.32	27.67	1.47	6.25	1.79	0.00
7	35	10	8.05	20.25	1.77	6.36	2.08	0.00
7	35	11	-0.01	10.97	1.59	11.49	3.91	0.00
7	35	12	-6.99	3.33	1.82	14.73	3.47	0.00
8	35	1	-9.35	1.26	2.22	7.27	2.26	0.00
8	35	2	-6.94	3.21	2.33	12.03	3.36	0.00
8	35	3	-0.36	11.04	1.66	11.95	2.65	0.00
8	35	4	7.19	18.07	1.45	10.47	3.13	0.00
8	35	5	12.73	24.64	1.27	7.55	2.31	0.00
8	35	6	16.78	28.41	1.44	9.59	2.81	0.00
8	35	7	19.65	30.49	1.19	9.88	2.60	0.00
8	35	8	20.37	30.61	1.51	7.88	3.03	0.00
8	35	9	16.32	27.67	1.47	6.25	1.79	0.00
8	35	10	8.05	20.25	1.77	6.36	2.08	0.00
8	35	11	-0.01	10.97	1.59	11.49	3.91	0.00
8	35	12	-6.99	3.33	1.82	14.73	3.47	0.00
2	40	1	-7.95	2.65	2.22	11.07	3.36	0.00
2	40	2	-6.49	3.67	2.33	8.43	2.37	0.00
2	40	3	-1.66	9.74	1.66	9.02	2.00	0.00
2	40	4	5.09	15.98	1.45	7.55	2.25	0.00
2	40	5	11.48	23.39	1.27	11.84	3.53	0.00
2	40	6	16.82	28.44	1.44	7.61	2.30	0.00
2	40	7	20.11	30.96	1.19	13.67	3.60	0.00
2	40	8	20.22	30.45	1.51	7.49	2.83	0.00
2	40	9	15.17	26.52	1.47	10.39	2.94	0.00
2	40	10	6.45	18.66	1.77	5.98	1.95	0.00
2	40	11	-0.89	10.09	1.59	15.35	5.25	0.00
2	40	12	-6.38	3.96	1.82	11.80	2.88	0.00
3	40	1	-7.95	2.65	2.22	11.07	3.36	0.00
3	40	2	-6.49	3.67	2.33	8.43	2.37	0.00
3	40	3	-1.66	9.74	1.66	9.02	2.00	0.00
3	40	4	5.09	15.98	1.45	7.55	2.25	0.00
3	40	5	11.48	23.39	1.27	11.84	3.53	0.00
3	40	6	16.82	28.44	1.44	7.61	2.30	0.00
3	40	7	20.11	30.96	1.19	13.67	3.60	0.00
3	40	8	20.22	30.45	1.51	7.49	2.83	0.00
3	40	9	15.17	26.52	1.47	10.39	2.94	0.00
3	40	10	6.45	18.66	1.77	5.98	1.95	0.00
3	40	11	-0.89	10.09	1.59	15.35	5.25	0.00
3	40	12	-6.38	3.96	1.82	11.80	2.88	0.00
4	40	1	-7.95	2.65	2.22	11.07	3.36	0.00
4	40	2	-6.49	3.67	2.33	8.43	2.37	0.00
4	40	3	-1.66	9.74	1.66	9.02	2.00	0.00
4	40	4	5.09	15.98	1.45	7.55	2.25	0.00
4	40	5	11.48	23.39	1.27	11.84	3.53	0.00
4	40	6	16.82	28.44	1.44	7.61	2.30	0.00
4	40	7	20.11	30.96	1.19	13.67	3.60	0.00
4	40	8	20.22	30.45	1.51	7.49	2.83	0.00
4	40	9	15.17	26.52	1.47	10.39	2.94	0.00
4	40	10	6.45	18.66	1.77	5.98	1.95	0.00
4	40	11	-0.89	10.09	1.59	15.35	5.25	0.00
4	40	12	-6.38	3.96	1.82	11.80	2.88	0.00
5	40	1	-7.95	2.65	2.22	11.07	3.36	0.00
5	40	2	-6.49	3.67	2.33	8.43	2.37	0.00
5	40	3	-1.66	9.74	1.66	9.02	2.00	0.00
5	40	4	5.09	15.98	1.45	7.55	2.25	0.00
5	40	5	11.48	23.39	1.27	11.84	3.53	0.00
5	40	6	16.82	28.44	1.44	7.61	2.30	0.00
5	40	7	20.11	30.96	1.19	13.67	3.60	0.00
5	40	8	20.22	30.45	1.51	7.49	2.83	0.00
5	40	9	15.17	26.52	1.47	10.39	2.94	0.00
5	40	10	6.45	18.66	1.77	5.98	1.95	0.00
5	40	11	-0.89	10.09	1.59	15.35	5.25	0.00
5	40	12	-6.38	3.96	1.82	11.80	2.88	0.00
6	40	1	-7.95	2.65	2.22	11.07	3.36	0.00
6	40	2	-6.49	3.67	2.33	8.43	2.37	0.00
6	40	3	-1.66	9.74	1.66	9.02	2.00	0.00
6	40	4	5.09	15.98	1.45	7.55	2.25	0.00
6	40	5	11.48	23.39	1.27	11.84	3.53	0.00
6	40	6	16.82	28.44	1.44	7.61	2.30	0.00
6	40	7	20.11	30.96	1.19	13.67	3.60	0.00
6	40	8	20.22	30.45	1.51	7.49	2.83	0.00
6	40	9	15.17	26.52	1.47	10.39	2.94	0.00
6	40	10	6.45	18.66	1.77	5.98	1.95	0.00
6	40	11	-0.89	10.09	1.59	15.35	5.25	0.00
6	40	12	-6.38	3.96	1.82	11.80	2.88	0.00
7	40	1	-7.95	2.65	2.22	11.07	3.36	0.00
7	40	2	-6.49	3.67	2.33	8.43	2.37	0.00
7	40	3	-1.66	9.74	1.66	9.02	2.00	0.00
7	40	4	5.09	15.98	1.45	7.55	2.25	0.00
7	40	5	11.48	23.39	1.27	11.84	3.53	0.00
7	40	6	16.82	28.44	1.44	7.61	2.30	0.00
7	40	7	20.11	30.96	1.19	13.67	3.60	0.00
7	40	8	20.22	30.45	1.51	7.49	2.83	0.00
7	40	9	15.17	26.52	1.47	10.39	2.94	0.00
7	40	10	6.45	18.66	1.77	5.98	1.95	0.00
7	40	11	-0.89	10.09	1.59	15.35	5.25	0.00
7	40	12	-6.38	3.96	1.82	11.80	2.88	0.00
8	40	1	-7.95	2.65	2.22	11.07	3.36	0.00
8	40	2	-6.49	3.67	2.33	8.43	2.37	0.00
8	40	3	-1.66	9.74	1.66	9.02	2.00	0.00
8	40	4	5.09	15.98	1.45	7.55	2.25	0.00
8	40	5	11.48	23.39	1.27	11.84	3.53	0.00
8	40	6	16.82	28.44	1.44	7.61	2.30	0.00
8	40	7	20.11	30.96	1.19	13.67	3.60	0.00
8	40	8	20.22	30.45	1.51	7.49	2.83	0.00
8	40	9	15.17	26.52	1.47	10.39	2.94	0.00
8	40	10	6.45	18.66	1.77	5.98	1.95	0.00
8	40	11	-0.89	10.09	1.59	15.35	5.25	0.00
8	40	12	-6.38	3.96	1.82	11.80	2.88	0.00
2	45	1	-6.85	3.76	2.22	13.70	4.18	0.00
2	45	2	-7.42	2.73	2.33	10.65	2.99	0.00
2	45	3	-2.11	9.29	1.66	11.38	2.52	0.00
2	45	4	6.58	17.47	1.45	9.01	2.68	0.00
2	45	5	13.67	25.58	1.27	11.24	3.38	0.00
2	45	6	18.47	30.09	1.44	9.80	2.86	0.00
2	45	7	21.46	32.30	1.19	8.77	2.32	0.00
2	45	8	21.34	31.57	1.51	8.90	3.38	0.00
2	45	9	15.72	27.07	1.47	8.81	2.49	0.00
2	45	10	7.34	19.54	1.77	9.15	3.00	0.00
2	45	11	1.66	12.64	1.59	16.54	5.67	0.00
2	45	12	-3.24	7.09	1.82	11.81	2.90	0.00
3	45	1	-6.85	3.76	2.22	13.70	4.18	0.00
3	45	2	-7.42	2.73	2.33	10.65	2.99	0.00
3	45	3	-2.11	9.29	1.66	11.38	2.52	0.00
3	45	4	6.58	17.47	1.45	9.01	2.68	0.00
3	45	5	13.67	25.58	1.27	11.24	3.38	0.00
3	45	6	18.47	30.09	1.44	9.80	2.86	0.00
3	45	7	21.46	32.30	1.19	8.77	2.32	0.00
3	45	8	21.34	31.57	1.51	8.90	3.38	0.00
3	45	9	15.72	27.07	1.47	8.81	2.49	0.00
3	45	10	7.34	19.54	1.77	9.15	3.00	0.00
3	45	11	1.66	12.64	1.59	16.54	5.67	0.00
3	45	12	-3.24	7.09	1.82	11.81	2.90	0.00
4	45	1	-6.85	3.76	2.22	13.70	4.18	0.00
4	45	2	-7.42	2.73	2.33	10.65	2.99	0.00
4	45	3	-2.11	9.29	1.66	11.38	2.52	0.00
4	45	4	6.58	17.47	1.45	9.01	2.68	0.00
4	45	5	13.67	25.58	1.27	11.24	3.38	0.00
4	45	6	18.47	30.09	1.44	9.80	2.86	0.00
4	45	7	21.46	32.30	1.19	8.77	2.32	0.00
4	45	8	21.34	31.57	1.51	8.90	3.38	0.00
4	45	9	15.72	27.07	1.47	8.81	2.49	0.00
4	45	10	7.34	19.54	1.77	9.15	3.00	0.00
4	45	11	1.66	12.64	1.59	16.54	5.67	0.00
4	45	12	-3.24	7.09	1.82	11.81	2.90	0.00
5	45	1	-6.85	3.76	2.22	13.70	4.18	0.00
5	45	2	-7.42	2.73	2.33	10.65	2.99	0.00
5	45	3	-2.11	9.29	1.66	11.38	2.52	0.00
5	45	4	6.58	17.47	1.45	9.01	2.68	0.00
5	45	5	13.67	25.58	1.27	11.24	3.38	0.00
5	45	6	18.47	30.09	1.44	9.80	2.86	0.00
5	45	7	21.46	32.30	1.19	8.77	2.32	0.00
5	45	8	21.34	31.57	1.51	8.90	3.38	0.00
5	45	9	15.72	27.07	1.47	8.81	2.49	0.00
5	45	10	7.34	19.54	1.77	9.15	3.00	0.00
5	45	11	1.66	12.64	1.59	16.54	5.67	0.00
5	45	12	-3.24	7.09	1.82	11.81	2.90	0.00
6	45	1	-6.85	3.76	2.22	13.70	4.18	0.00
6	45	2	-7.42	2.73	2.33	10.65	2.99	0.00
6	45	3	-2.11	9.29	1.66	11.38	2.52	0.00
6	45	4	6.58	17.47	1.45	9.01	2.68	0.00
6	45	5	13.67	25.58	1.27	11.24	3.38	0.00
6	45	6	18.47	30.09	1.44	9.80	2.86	0.00
6	45	7	21.46	32.30	1.19	8.77	2.32	0.00
6	45	8	21.34	31.57	1.51	8.90	3.38	0.00
6	45	9	15.72	27.07	1.47	8.81	2.49	0.00
6	45	10	7.34	19.54	1.77	9.15	3.00	0.00
6	45	11	1.66	12.64	1.59	16.54	5.67	0.00
6	45	12	-3.24	7.09	1.82	11.81	2.90	0.00
7	45	1	-6.85	3.76	2.22	13.70	4.18	0.00
7	45	2	-7.42	2.73	2.33	10.65	2.99	0.00
7	45	3	-2.11	9.29	1.66	11.38	2.52	0.00
7	45	4	6.58	17.47	1.45	9.01	2.68	0.00
7	45	5	13.67	25.58	1.27	11.24	3.38	0.00
7	45	6	18.47	30.09	1.44	9.80	2.86	0.00
7	45	7	21.46	32.30	1.19	8.77	2.32	0.00
7	45	8	21.34	31.57	1.51	8.90	3.38	0.00
7	45	9	15.72	27.07	1.47	8.81	2.49	0.00
7	45	10	7.34	19.54	1.77	9.15	3.00	0.00
7	45	11	1.66	12.64	1.59	16.54	5.67	0.00
7	45	12	-3.24	7.09	1.82	11.81	2.90	0.00
8	45	1	-6.85	3.76	2.22	13.70	4.18	0.00
8	45	2	-7.42	2.73	2.33	10.65	2.99	0.00
8	45	3	-2.11	9.29	1.66	11.38	2.52	0.00
8	45	4	6.58	17.47	1.45	9.01	2.68	0.00
8	45	5	13.67	25.58	1.27	11.24	3.38	0.00
8	45	6	18.47	30.09	1.44	9.80	2.86	0.00
8	45	7	21.46	32.30	1.19	8.77	2.32	0.00
8	45	8	21.34	31.57	1.51	8.90	3.38	0.00
8	45	9	15.72	27.07	1.47	8.81	2.49	0.00
8	45	10	7.34	19.54	1.77	9.15	3.00	0.00
8	45	11	1.66	12.64	1.59	16.54	5.67	0.00
8	45	12	-3.24	7.09	1.82	11.81	2.90	0.00
2	50	1	-10.36	0.25	2.22	8.16	2.51	0.00
2	50	2	-9.39	0.77	2.33	10.55	2.94	0.00
2	50	3	-2.62	8.78	1.66	9.00	2.02	0.00
2	50	4	6.05	16.94	1.45	12.76	3.82	0.00
2	50	5	12.51	24.43	1.28	8.80	2.69	0.00
2	50	6	17.15	28.77	1.44	8.31	2.55	0.00
2	50	7	20.34	31.18	1.19	17.17	4.52	0.00
2	50	8	20.89	31.13	1.51	6.48	2.56	0.00
2	50	9	16.56	27.91	1.47	5.52	1.55	0.00
2	50	10	8.76	20.96	1.77	8.73	2.91	0.00
2	50	11	1.45	12.43	1.59	15.77	5.39	0.00
2	50	12	-6.06	4.27	1.82	14.09	3.40	0.00
3	50	1	-10.36	0.25	2.22	8.16	2.51	0.00
3	50	2	-9.39	0.77	2.33	10.55	2.94	0.00
3	50	3	-2.62	8.78	1.66	9.00	2.02	0.00
3	50	4	6.05	16.94	1.45	12.76	3.82	0.00
3	50	5	12.51	24.43	1.28	8.80	2.69	0.00
3	50	6	17.15	28.77	1.44	8.31	2.55	0.00
3	50	7	20.34	31.18	1.19	17.17	4.52	0.00
3	50	8	20.89	31.13	1.51	6.48	2.56	0.00
3	50	9	16.56	27.91	1.47	5.52	1.55	0.00
3	50	10	8.76	20.96	1.77	8.73	2.91	0.00
3	50	11	1.45	12.43	1.59	15.77	5.39	0.00
3	50	12	-6.06	4.27	1.82	14.09	3.40	0.00
4	50	1	-10.36	0.25	2.22	8.16	2.51	0.00
4	50	2	-9.39	0.77	2.33	10.55	2.94	0.00
4	50	3	-2.62	8.78	1.66	9.00	2.02	0.00
4	50	4	6.05	16.94	1.45	12.76	3.82	0.00
4	50	5	12.51	24.43	1.28	8.80	2.69	0.00
4	50	6	17.15	28.77	1.44	8.31	2.55	0.00
4	50	7	20.34	31.18	1.19	17.17	4.52	0.00
4	50	8	20.89	31.13	1.51	6.48	2.56	0.00
4	50	9	16.56	27.91	1.47	5.52	1.55	0.00
4	50	10	8.76	20.96	1.77	8.73	2.91	0.00
4	50	11	1.45	12.43	1.59	15.77	5.39	0.00
4	50	12	-6.06	4.27	1.82	14.09	3.40	0.00
5	50	1	-10.36	0.25	2.22	8.16	2.51	0.00
5	50	2	-9.39	0.77	2.33	10.55	2.94	0.00
5	50	3	-2.62	8.78	1.66	9.00	2.02	0.00
5	50	4	6.05	16.94	1.45	12.76	3.82	0.00
5	50	5	12.51	24.43	1.28	8.80	2.69	0.00
5	50	6	17.15	28.77	1.44	8.31	2.55	0.00
5	50	7	20.34	31.18	1.19	17.17	4.52	0.00
5	50	8	20.89	31.13	1.51	6.48	2.56	0.00
5	50	9	16.56	27.91	1.47	5.52	1.55	0.00
5	50	10	8.76	20.96	1.77	8.73	2.91	0.00
5	50	11	1.45	12.43	1.59	15.77	5.39	0.00
5	50	12	-6.06	4.27	1.82	14.09	3.40	0.00
6	50	1	-10.36	0.25	2.22	8.16	2.51	0.00
6	50	2	-9.39	0.77	2.33	10.55	2.94	0.00
6	50	3	-2.62	8.78	1.66	9.00	2.02	0.00
6	50	4	6.05	16.94	1.45	12.76	3.82	0.00
6	50	5	12.51	24.43	1.28	8.80	2.69	0.00
6	50	6	17.15	28.77	1.44	8.31	2.55	0.00
6	50	7	20.34	31.18	1.19	17.17	4.52	0.00
6	50	8	20.89	31.13	1.51	6.48	2.56	0.00
6	50	9	16.56	27.91	1.47	5.52	1.55	0.00
6	50	10	8.76	20.96	1.77	8.73	2.91	0.00
6	50	11	1.45	12.43	1.59	15.77	5.39	0.00
6	50	12	-6.06	4.27	1.82	14.09	3.40	0.00
7	50	1	-10.36	0.25	2.22	8.16	2.51	0.00
7	50	2	-9.39	0.77	2.33	10.55	2.94	0.00
7	50	3	-2.62	8.78	1.66	9.00	2.02	0.00
7	50	4	6.05	16.94	1.45	12.76	3.82	0.00
7	50	5	12.51	24.43	1.28	8.80	2.69	0.00
7	50	6	17.15	28.77	1.44	8.31	2.55	0.00
7	50	7	20.34	31.18	1.19	17.17	4.52	0.00
7	50	8	20.89	31.13	1.51	6.48	2.56	0.00
7	50	9	16.56	27.91	1.47	5.52	1.55	0.00
7	50	10	8.76	20.96	1.77	8.73	2.91	0.00
7	50	11	1.45	12.43	1.59	15.77	5.39	0.00
7	50	12	-6.06	4.27	1.82	14.09	3.40	0.00
8	50	1	-10.36	0.25	2.22	8.16	2.51	0.00
8	50	2	-9.39	0.77	2.33	10.55	2.94	0.00
8	50	3	-2.62	8.78	1.66	9.00	2.02	0.00
8	50	4	6.05	16.94	1.45	12.76	3.82	0.00
8	50	5	12.51	24.43	1.28	8.80	2.69	0.00
8	50	6	17.15	28.77	1.44	8.31	2.55	0.00
8	50	7	20.34	31.18	1.19	17.17	4.52	0.00
8	50	8	20.89	31.13	1.51	6.48	2.56	0.00
8	50	9	16.56	27.91	1.47	5.52	1.55	0.00
8	50	10	8.76	20.96	1.77	8.73	2.91	0.00
8	50	11	1.45	12.43	1.59	15.77	5.39	0.00
8	50	12	-6.06	4.27	1.82	14.09	3.40	0.00
2	55	1	-6.91	3.70	2.22	13.07	3.96	0.00
2	55	2	-6.06	4.09	2.33	10.65	2.98	0.00
2	55	3	-0.82	10.59	1.66	11.17	2.47	0.00
2	55	4	6.94	17.83	1.45	8.50	2.53	0.00
2	55	5	13.57	25.49	1.27	6.06	1.89	0.00
2	55	6	18.39	30.01	1.44	11.31	3.29	0.00
2	55	7	21.61	32.45	1.19	9.69	2.54	0.00
2	55	8	22.33	32.57	1.51	6.58	2.52	0.00
2	55	9	17.63	28.98	1.47	6.31	1.76	0.00
2	55	10	8.72	20.92	1.77	10.86	3.60	0.00
2	55	11	1.18	12.16	1.59	15.50	5.27	0.00
2	55	12	-4.56	5.76	1.82	19.38	4.59	0.00
3	55	1	-6.91	3.70	2.22	13.07	3.96	0.00
3	55	2	-6.06	4.09	2.33	10.65	2.98	0.00
3	55	3	-0.82	10.59	1.66	11.17	2.47	0.00
3	55	4	6.94	17.83	1.45	8.50	2.53	0.00
3	55	5	13.57	25.49	1.27	6.06	1.89	0.00
3	55	6	18.39	30.01	1.44	11.31	3.29	0.00
3	55	7	21.61	32.45	1.19	9.69	2.54	0.00
3	55	8	22.33	32.57	1.51	6.58	2.52	0.00
3	55	9	17.63	28.98	1.47	6.31	1.76	0.00
3	55	10	8.72	20.92	1.77	10.86	3.60	0.00
3	55	11	1.18	12.16	1.59	15.50	5.27	0.00
3	55	12	-4.56	5.76	1.82	19.38	4.59	0.00
4	55	1	-6.91	3.70	2.22	13.07	3.96	0.00
4	55	2	-6.06	4.09	2.33	10.65	2.98	0.00
4	55	3	-0.82	10.59	1.66	11.17	2.47	0.00
4	55	4	6.94	17.83	1.45	8.50	2.53	0.00
4	55	5	13.57	25.49	1.27	6.06	1.89	0.00
4	55	6	18.39	30.01	1.44	11.31	3.29	0.00
4	55	7	21.61	32.45	1.19	9.69	2.54	0.00
4	55	8	22.33	32.57	1.51	6.58	2.52	0.00
4	55	9	17.63	28.98	1.47	6.31	1.76	0.00
4	55	10	8.72	20.92	1.77	10.86	3.60	0.00
4	55	11	1.18	12.16	1.59	15.50	5.27	0.00
4	55	12	-4.56	5.76	1.82	19.38	4.59	0.00
5	55	1	-6.91	3.70	2.22	13.07	3.96	0.00
5	55	2	-6.06	4.09	2.33	10.65	2.98	0.00
5	55	3	-0.82	10.59	1.66	11.17	2.47	0.00
5	55	4	6.94	17.83	1.45	8.50	2.53	0.00
5	55	5	13.57	25.49	1.27	6.06	1.89	0.00
5	55	6	18.39	30.01	1.44	11.31	3.29	0.00
5	55	7	21.61	32.45	1.19	9.69	2.54	0.00
5	55	8	22.33	32.57	1.51	6.58	2.52	0.00
5	55	9	17.63	28.98	1.47	6.31	1.76	0.00
5	55	10	8.72	20.92	1.77	10.86	3.60	0.00
5	55	11	1.18	12.16	1.59	15.50	5.27	0.00
5	55	12	-4.56	5.76	1.82	19.38	4.59	0.00
6	55	1	-6.91	3.70	2.22	13.07	3.96	0.00
6	55	2	-6.06	4.09	2.33	10.65	2.98	0.00
6	55	3	-0.82	10.59	1.66	11.17	2.47	0.00
6	55	4	6.94	17.83	1.45	8.50	2.53	0.00
6	55	5	13.57	25.49	1.27	6.06	1.89	0.00
6	55	6	18.39	30.01	1.44	11.31	3.29	0.00
6	55	7	21.61	32.45	1.19	9.69	2.54	0.00
6	55	8	22.33	32.57	1.51	6.58	2.52	0.00
6	55	9	17.63	28.98	1.47	6.31	1.76	0.00
6	55	10	8.72	20.92	1.77	10.86	3.60	0.00
6	55	11	1.18	12.16	1.59	15.50	5.27	0.00
6	55	12	-4.56	5.76	1.82	19.38	4.59	0.00
7	55	1	-6.91	3.70	2.22	13.07	3.96	0.00
7	55	2	-6.06	4.09	2.33	10.65	2.98	0.00
7	55	3	-0.82	10.59	1.66	11.17	2.47	0.00
7	55	4	6.94	17.83	1.45	8.50	2.53	0.00
7	55	5	13.57	25.49	1.27	6.06	1.89	0.00
7	55	6	18.39	30.01	1.44	11.31	3.29	0.00
7	55	7	21.61	32.45	1.19	9.69	2.54	0.00
7	55	8	22.33	32.57	1.51	6.58	2.52	0.00
7	55	9	17.63	28.98	1.47	6.31	1.76	0.00
7	55	10	8.72	20.92	1.77	10.86	3.60	0.00
7	55	11	1.18	12.16	1.59	15.50	5.27	0.00
7	55	12	-4.56	5.76	1.82	19.38	4.59	0.00
8	55	1	-6.91	3.70	2.22	13.07	3.96	0.00
8	55	2	-6.06	4.09	2.33	10.65	2.98	0.00
8	55	3	-0.82	10.59	1.66	11.17	2.47	0.00
8	55	4	6.94	17.83	1.45	8.50	2.53	0.00
8	55	5	13.57	25.49	1.27	6.06	1.89	0.00
8	55	6	18.39	30.01	1.44	11.31	3.29	0.00
8	55	7	21.61	32.45	1.19	9.69	2.54	0.00
8	55	8	22.33	32.57	1.51	6.58	2.52	0.00
8	55	9	17.63	28.98	1.47	6.31	1.76	0.00
8	55	10	8.72	20.92	1.77	10.86	3.60	0.00
8	55	11	1.18	12.16	1.59	15.50	5.27	0.00
8	55	12	-4.56	5.76	1.82	19.38	4.59	0.00
2	60	1	-9.20	1.41	2.22	10.58	3.20	0.00
2	60	2	-7.32	2.84	2.33	6.80	1.92	0.00
2	60	3	-2.18	9.22	1.66	12.16	2.70	0.00
2	60	4	5.55	16.44	1.45	12.92	3.86	0.00
2	60	5	13.34	25.25	1.27	8.70	2.67	0.00
2	60	6	18.83	30.46	1.44	10.31	3.05	0.00
2	60	7	21.14	31.98	1.19	13.09	3.44	0.00
2	60	8	21.32	31.55	1.51	8.13	3.15	0.00
2	60	9	17.63	28.98	1.47	5.95	1.70	0.00
2	60	10	9.07	21.27	1.77	7.58	2.49	0.00
2	60	11	-0.19	10.79	1.59	10.95	3.72	0.00
2	60	12	-7.46	2.87	1.82	13.09	3.11	0.00
3	60	1	-9.20	1.41	2.22	10.58	3.20	0.00
3	60	2	-7.32	2.84	2.33	6.80	1.92	0.00
3	60	3	-2.18	9.22	1.66	12.16	2.70	0.00
3	60	4	5.55	16.44	1.45	12.92	3.86	0.00
3	60	5	13.34	25.25	1.27	8.70	2.67	0.00
3	60	6	18.83	30.46	1.44	10.31	3.05	0.00
3	60	7	21.14	31.98	1.19	13.09	3.44	0.00
3	60	8	21.32	31.55	1.51	8.13	3.15	0.00
3	60	9	17.63	28.98	1.47	5.95	1.70	0.00
3	60	10	9.07	21.27	1.77	7.58	2.49	0.00
3	60	11	-0.19	10.79	1.59	10.95	3.72	0.00
3	60	12	-7.46	2.87	1.82	13.09	3.11	0.00
4	60	1	-9.20	1.41	2.22	10.58	3.20	0.00
4	60	2	-7.32	2.84	2.33	6.80	1.92	0.00
4	60	3	-2.18	9.22	1.66	12.16	2.70	0.00
4	60	4	5.55	16.44	1.45	12.92	3.86	0.00
4	60	5	13.34	25.25	1.27	8.70	2.67	0.00
4	60	6	18.83	30.46	1.44	10.31	3.05	0.00
4	60	7	21.14	31.98	1.19	13.09	3.44	0.00
4	60	8	21.32	31.55	1.51	8.13	3.15	0.00
4	60	9	17.63	28.98	1.47	5.95	1.70	0.00
4	60	10	9.07	21.27	1.77	7.58	2.49	0.00
4	60	11	-0.19	10.79	1.59	10.95	3.72	0.00
4	60	12	-7.46	2.87	1.82	13.09	3.11	0.00
5	60	1	-9.20	1.41	2.22	10.58	3.20	0.00
5	60	2	-7.32	2.84	2.33	6.80	1.92	0.00
5	60	3	-2.18	9.22	1.66	12.16	2.70	0.00
5	60	4	5.55	16.44	1.45	12.92	3.86	0.00
5	60	5	13.34	25.25	1.27	8.70	2.67	0.00
5	60	6	18.83	30.46	1.44	10.31	3.05	0.00
5	60	7	21.14	31.98	1.19	13.09	3.44	0.00
5	60	8	21.32	31.55	1.51	8.13	3.15	0.00
5	60	9	17.63	28.98	1.47	5.95	1.70	0.00
5	60	10	9.07	21.27	1.77	7.58	2.49	0.00
5	60	11	-0.19	10.79	1.59	10.95	3.72	0.00
5	60	12	-7.46	2.87	1.82	13.09	3.11	0.00
6	60	1	-9.20	1.41	2.22	10.58	3.20	0.00
6	60	2	-7.32	2.84	2.33	6.80	1.92	0.00
6	60	3	-2.18	9.22	1.66	12.16	2.70	0.00
6	60	4	5.55	16.44	1.45	12.92	3.86	0.00
6	60	5	13.34	25.25	1.27	8.70	2.67	0.00
6	60	6	18.83	30.46	1.44	10.31	3.05	0.00
6	60	7	21.14	31.98	1.19	13.09	3.44	0.00
6	60	8	21.32	31.55	1.51	8.13	3.15	0.00
6	60	9	17.63	28.98	1.47	5.95	1.70	0.00
6	60	10	9.07	21.27	1.77	7.58	2.49	0.00
6	60	11	-0.19	10.79	1.59	10.95	3.72	0.00
6	60	12	-7.46	2.87	1.82	13.09	3.11	0.00
7	60	1	-9.20	1.41	2.22	10.58	3.20	0.00
7	60	2	-7.32	2.84	2.33	6.80	1.92	0.00
7	60	3	-2.18	9.22	1.66	12.16	2.70	0.00
7	60	4	5.55	16.44	1.45	12.92	3.86	0.00
7	60	5	13.34	25.25	1.27	8.70	2.67	0.00
7	60	6	18.83	30.46	1.44	10.31	3.05	0.00
7	60	7	21.14	31.98	1.19	13.09	3.44	0.00
7	60	8	21.32	31.55	1.51	8.13	3.15	0.00
7	60	9	17.63	28.98	1.47	5.95	1.70	0.00
7	60	10	9.07	21.27	1.77	7.58	2.49	0.00
7	60	11	-0.19	10.79	1.59	10.95	3.72	0.00
7	60	12	-7.46	2.87	1.82	13.09	3.11	0.00
8	60	1	-9.20	1.41	2.22	10.58	3.20	0.00
8	60	2	-7.32	2.84	2.33	6.80	1.92	0.00
8	60	3	-2.18	9.22	1.66	12.16	2.70	0.00
8	60	4	5.55	16.44	1.45	12.92	3.86	0.00
8	60	5	13.34	25.25	1.27	8.70	2.67	0.00
8	60	6	18.83	30.46	1.44	10.31	3.05	0.00
8	60	7	21.14	31.98	1.19	13.09	3.44	0.00
8	60	8	21.32	31.55	1.51	8.13	3.15	0.00
8	60	9	17.63	28.98	1.47	5.95	1.70	0.00
8	60	10	9.07	21.27	1.77	7.58	2.49	0.00
8	60	11	-0.19	10.79	1.59	10.95	3.72	0.00
8	60	12	-7.46	2.87	1.82	13.09	3.11	0.00
2	65	1	-8.26	2.35	2.22	9.17	2.78	0.00
2	65	2	-6.54	3.62	2.33	8.09	2.27	0.00
2	65	3	-0.60	10.80	1.66	11.70	2.57	0.00
2	65	4	7.50	18.39	1.45	7.95	2.36	0.00
2	65	5	14.43	26.35	1.27	9.28	2.79	0.00
2	65	6	19.84	31.46	1.44	6.91	2.06	0.00
2	65	7	23.64	34.48	1.19	10.06	2.66	0.00
2	65	8	24.32	34.56	1.51	7.95	2.98	0.00
2	65	9	18.71	30.07	1.47	11.77	3.31	0.00
2	65	10	8.42	20.62	1.77	9.97	3.24	0.00
2	65	11	-0.27	10.70	1.59	16.24	5.55	0.00
2	65	12	-6.40	3.92	1.82	14.42	3.48	0.00
3	65	1	-8.26	2.35	2.22	9.17	2.78	0.00
3	65	2	-6.54	3.62	2.33	8.09	2.27	0.00
3	65	3	-0.60	10.80	1.66	11.70	2.57	0.00
3	65	4	7.50	18.39	1.45	7.95	2.36	0.00
3	65	5	14.43	26.35	1.27	9.28	2.79	0.00
3	65	6	19.84	31.46	1.44	6.91	2.06	0.00
3	65	7	23.64	34.48	1.19	10.06	2.66	0.00
3	65	8	24.32	34.56	1.51	7.95	2.98	0.00
3	65	9	18.71	30.07	1.47	11.77	3.31	0.00
3	65	10	8.42	20.62	1.77	9.97	3.24	0.00
3	65	11	-0.27	10.70	1.59	16.24	5.55	0.00
3	65	12	-6.40	3.92	1.82	14.42	3.48	0.00
4	65	1	-8.26	2.35	2.22	9.17	2.78	0.00
4	65	2	-6.54	3.62	2.33	8.09	2.27	0.00
4	65	3	-0.60	10.80	1.66	11.70	2.57	0.00
4	65	4	7.50	18.39	1.45	7.95	2.36	0.00
4	65	5	14.43	26.35	1.27	9.28	2.79	0.00
4	65	6	19.84	31.46	1.44	6.91	2.06	0.00
4	65	7	23.64	34.48	1.19	10.06	2.66	0.00
4	65	8	24.32	34.56	1.51	7.95	2.98	0.00
4	65	9	18.71	30.07	1.47	11.77	3.31	0.00
4	65	10	8.42	20.62	1.77	9.97	3.24	0.00
4	65	11	-0.27	10.70	1.59	16.24	5.55	0.00
4	65	12	-6.40	3.92	1.82	14.42	3.48	0.00
5	65	1	-8.26	2.35	2.22	9.17	2.78	0.00
5	65	2	-6.54	3.62	2.33	8.09	2.27	0.00
5	65	3	-0.60	10.80	1.66	11.70	2.57	0.00
5	65	4	7.50	18.39	1.45	7.95	2.36	0.00
5	65	5	14.43	26.35	1.27	9.28	2.79	0.00
5	65	6	19.84	31.46	1.44	6.91	2.06	0.00
5	65	7	23.64	34.48	1.19	10.06	2.66	0.00
5	65	8	24.32	34.56	1.51	7.95	2.98	0.00
5	65	9	18.71	30.07	1.47	11.77	3.31	0.00
5	65	10	8.42	20.62	1.77	9.97	3.24	0.00
5	65	11	-0.27	10.70	1.59	16.24	5.55	0.00
5	65	12	-6.40	3.92	1.82	14.42	3.48	0.00
6	65	1	-8.26	2.35	2.22	9.17	2.78	0.00
6	65	2	-6.54	3.62	2.33	8.09	2.27	0.00
6	65	3	-0.60	10.80	1.66	11.70	2.57	0.00
6	65	4	7.50	18.39	1.45	7.95	2.36	0.00
6	65	5	14.43	26.35	1.27	9.28	2.79	0.00
6	65	6	19.84	31.46	1.44	6.91	2.06	0.00
6	65	7	23.64	34.48	1.19	10.06	2.66	0.00
6	65	8	24.32	34.56	1.51	7.95	2.98	0.00
6	65	9	18.71	30.07	1.47	11.77	3.31	0.00
6	65	10	8.42	20.62	1.77	9.97	3.24	0.00
6	65	11	-0.27	10.70	1.59	16.24	5.55	0.00
6	65	12	-6.40	3.92	1.82	14.42	3.48	0.00
7	65	1	-8.26	2.35	2.22	9.17	2.78	0.00
7	65	2	-6.54	3.62	2.33	8.09	2.27	0.00
7	65	3	-0.60	10.80	1.66	11.70	2.57	0.00
7	65	4	7.50	18.39	1.45	7.95	2.36	0.00
7	65	5	14.43	26.35	1.27	9.28	2.79	0.00
7	65	6	19.84	31.46	1.44	6.91	2.06	0.00
7	65	7	23.64	34.48	1.19	10.06	2.66	0.00
7	65	8	24.32	34.56	1.51	7.95	2.98	0.00
7	65	9	18.71	30.07	1.47	11.77	3.31	0.00
7	65	10	8.42	20.62	1.77	9.97	3.24	0.00
7	65	11	-0.27	10.70	1.59	16.24	5.55	0.00
7	65	12	-6.40	3.92	1.82	14.42	3.48	0.00
8	65	1	-8.26	2.35	2.22	9.17	2.78	0.00
8	65	2	-6.54	3.62	2.33	8.09	2.27	0.00
8	65	3	-0.60	10.80	1.66	11.70	2.57	0.00
8	65	4	7.50	18.39	1.45	7.95	2.36	0.00
8	65	5	14.43	26.35	1.27	9.28	2.79	0.00
8	65	6	19.84	31.46	1.44	6.91	2.06	0.00
8	65	7	23.64	34.48	1.19	10.06	2.66	0.00
8	65	8	24.32	34.56	1.51	7.95	2.98	0.00
8	65	9	18.71	30.07	1.47	11.77	3.31	0.00
8	65	10	8.42	20.62	1.77	9.97	3.24	0.00
8	65	11	-0.27	10.70	1.59	16.24	5.55	0.00
8	65	12	-6.40	3.92	1.82	14.42	3.48	0.00
2	70	1	-6.48	4.13	2.22	8.10	2.49	0.00
2	70	2	-3.90	6.25	2.33	8.04	2.27	0.00
2	70	3	1.12	12.52	1.66	16.00	3.51	0.00
2	70	4	7.49	18.38	1.45	8.44	2.52	0.00
2	70	5	14.00	25.91	1.27	7.53	2.29	0.00
2	70	6	19.55	31.17	1.44	7.64	2.29	0.00
2	70	7	22.34	33.18	1.19	11.98	3.17	0.00
2	70	8	22.06	32.29	1.51	10.14	3.98	0.00
2	70	9	17.58	28.94	1.47	3.86	1.19	0.00
2	70	10	9.24	21.44	1.77	5.88	2.01	0.00
2	70	11	0.99	11.97	1.59	16.41	5.64	0.00
2	70	12	-5.44	4.89	1.82	8.14	2.07	0.00
3	70	1	-6.48	4.13	2.22	8.10	2.49	0.00
3	70	2	-3.90	6.25	2.33	8.04	2.27	0.00
3	70	3	1.12	12.52	1.66	16.00	3.51	0.00
3	70	4	7.49	18.38	1.45	8.44	2.52	0.00
3	70	5	14.00	25.91	1.27	7.53	2.29	0.00
3	70	6	19.55	31.17	1.44	7.64	2.29	0.00
3	70	7	22.34	33.18	1.19	11.98	3.17	0.00
3	70	8	22.06	32.29	1.51	10.14	3.98	0.00
3	70	9	17.58	28.94	1.47	3.86	1.19	0.00
3	70	10	9.24	21.44	1.77	5.88	2.01	0.00
3	70	11	0.99	11.97	1.59	16.41	5.64	0.00
3	70	12	-5.44	4.89	1.82	8.14	2.07	0.00
4	70	1	-6.48	4.13	2.22	8.10	2.49	0.00
4	70	2	-3.90	6.25	2.33	8.04	2.27	0.00
4	70	3	1.12	12.52	1.66	16.00	3.51	0.00
4	70	4	7.49	18.38	1.45	8.44	2.52	0.00
4	70	5	14.00	25.91	1.27	7.53	2.29	0.00
4	70	6	19.55	31.17	1.44	7.64	2.29	0.00
4	70	7	22.34	33.18	1.19	11.98	3.17	0.00
4	70	8	22.06	32.29	1.51	10.14	3.98	0.00
4	70	9	17.58	28.94	1.47	3.86	1.19	0.00
4	70	10	9.24	21.44	1.77	5.88	2.01	0.00
4	70	11	0.99	11.97	1.59	16.41	5.64	0.00
4	70	12	-5.44	4.89	1.82	8.14	2.07	0.00
5	70	1	-6.48	4.13	2.22	8.10	2.49	0.00
5	70	2	-3.90	6.25	2.33	8.04	2.27	0.00
5	70	3	1.12	12.52	1.66	16.00	3.51	0.00
5	70	4	7.49	18.38	1.45	8.44	2.52	0.00
5	70	5	14.00	25.91	1.27	7.53	2.29	0.00
5	70	6	19.55	31.17	1.44	7.64	2.29	0.00
5	70	7	22.34	33.18	1.19	11.98	3.17	0.00
5	70	8	22.06	32.29	1.51	10.14	3.98	0.00
5	70	9	17.58	28.94	1.47	3.86	1.19	0.00
5	70	10	9.24	21.44	1.77	5.88	2.01	0.00
5	70	11	0.99	11.97	1.59	16.41	5.64	0.00
5	70	12	-5.44	4.89	1.82	8.14	2.07	0.00
6	70	1	-6.48	4.13	2.22	8.10	2.49	0.00
6	70	2	-3.90	6.25	2.33	8.04	2.27	0.00
6	70	3	1.12	12.52	1.66	16.00	3.51	0.00
6	70	4	7.49	18.38	1.45	8.44	2.52	0.00
6	70	5	14.00	25.91	1.27	7.53	2.29	0.00
6	70	6	19.55	31.17	1.44	7.64	2.29	0.00
6	70	7	22.34	33.18	1.19	11.98	3.17	0.00
6	70	8	22.06	32.29	1.51	10.14	3.98	0.00
6	70	9	17.58	28.94	1.47	3.86	1.19	0.00
6	70	10	9.24	21.44	1.77	5.88	2.01	0.00
6	70	11	0.99	11.97	1.59	16.41	5.64	0.00
6	70	12	-5.44	4.89	1.82	8.14	2.07	0.00
7	70	1	-6.48	4.13	2.22	8.10	2.49	0.00
7	70	2	-3.90	6.25	2.33	8.04	2.27	0.00
7	70	3	1.12	12.52	1.66	16.00	3.51	0.00
7	70	4	7.49	18.38	1.45	8.44	2.52	0.00
7	70	5	14.00	25.91	1.27	7.53	2.29	0.00
7	70	6	19.55	31.17	1.44	7.64	2.29	0.00
7	70	7	22.34	33.18	1.19	11.98	3.17	0.00
7	70	8	22.06	32.29	1.51	10.14	3.98	0.00
7	70	9	17.58	28.94	1.47	3.86	1.19	0.00
7	70	10	9.24	21.44	1.77	5.88	2.01	0.00
7	70	11	0.99	11.97	1.59	16.41	5.64	0.00
7	70	12	-5.44	4.89	1.82	8.14	2.07	0.00
8	70	1	-6.48	4.13	2.22	8.10	2.49	0.00
8	70	2	-3.90	6.25	2.33	8.04	2.27	0.00
8	70	3	1.12	12.52	1.66	16.00	3.51	0.00
8	70	4	7.49	18.38	1.45	8.44	2.52	0.00
8	70	5	14.00	25.91	1.27	7.53	2.29	0.00
8	70	6	19.55	31.17	1.44	7.64	2.29	0.00
8	70	7	22.34	33.18	1.19	11.98	3.17	0.00
8	70	8	22.06	32.29	1.51	10.14	3.98	0.00
8	70	9	17.58	28.94	1.47	3.86	1.19	0.00
8	70	10	9.24	21.44	1.77	5.88	2.01	0.00
8	70	11	0.99	11.97	1.59	16.41	5.64	0.00
8	70	12	-5.44	4.89	1.82	8.14	2.07	0.00
2	75	1	-9.74	0.87	2.22	12.82	3.88	0.00
2	75	2	-6.95	3.20	2.33	9.18	2.58	0.00
2	75	3	0.58	11.98	1.66	13.30	2.92	0.00
2	75	4	8.99	19.88	1.45	8.20	2.44	0.00
2	75	5	15.62	27.53	1.28	7.70	2.33	0.00
2	75	6	20.51	32.14	1.44	7.66	2.28	0.00
2	75	7	22.81	33.66	1.19	10.80	2.86	0.00
2	75	8	22.13	32.37	1.51	9.93	3.85	0.00
2	75	9	17.84	29.18	1.47	5.38	1.58	0.00
2	75	10	10.45	22.66	1.77	6.82	2.28	0.00
2	75	11	2.31	13.29	1.59	15.82	5.39	0.00
2	75	12	-6.24	4.09	1.82	17.94	4.27	0.00
3	75	1	-9.74	0.87	2.22	12.82	3.88	0.00
3	75	2	-6.95	3.20	2.33	9.18	2.58	0.00
3	75	3	0.58	11.98	1.66	13.30	2.92	0.00
3	75	4	8.99	19.88	1.45	8.20	2.44	0.00
3	75	5	15.62	27.53	1.28	7.70	2.33	0.00
3	75	6	20.51	32.14	1.44	7.66	2.28	0.00
3	75	7	22.81	33.66	1.19	10.80	2.86	0.00
3	75	8	22.13	32.37	1.51	9.93	3.85	0.00
3	75	9	17.84	29.18	1.47	5.38	1.58	0.00
3	75	10	10.45	22.66	1.77	6.82	2.28	0.00
3	75	11	2.31	13.29	1.59	15.82	5.39	0.00
3	75	12	-6.24	4.09	1.82	17.94	4.27	0.00
4	75	1	-9.74	0.87	2.22	12.82	3.88	0.00
4	75	2	-6.95	3.20	2.33	9.18	2.58	0.00
4	75	3	0.58	11.98	1.66	13.30	2.92	0.00
4	75	4	8.99	19.88	1.45	8.20	2.44	0.00
4	75	5	15.62	27.53	1.28	7.70	2.33	0.00
4	75	6	20.51	32.14	1.44	7.66	2.28	0.00
4	75	7	22.81	33.66	1.19	10.80	2.86	0.00
4	75	8	22.13	32.37	1.51	9.93	3.85	0.00
4	75	9	17.84	29.18	1.47	5.38	1.58	0.00
4	75	10	10.45	22.66	1.77	6.82	2.28	0.00
4	75	11	2.31	13.29	1.59	15.82	5.39	0.00
4	75	12	-6.24	4.09	1.82	17.94	4.27	0.00
5	75	1	-9.74	0.87	2.22	12.82	3.88	0.00
5	75	2	-6.95	3.20	2.33	9.18	2.58	0.00
5	75	3	0.58	11.98	1.66	13.30	2.92	0.00
5	75	4	8.99	19.88	1.45	8.20	2.44	0.00
5	75	5	15.62	27.53	1.28	7.70	2.33	0.00
5	75	6	20.51	32.14	1.44	7.66	2.28	0.00
5	75	7	22.81	33.66	1.19	10.80	2.86	0.00
5	75	8	22.13	32.37	1.51	9.93	3.85	0.00
5	75	9	17.84	29.18	1.47	5.38	1.58	0.00
5	75	10	10.45	22.66	1.77	6.82	2.28	0.00
5	75	11	2.31	13.29	1.59	15.82	5.39	0.00
5	75	12	-6.24	4.09	1.82	17.94	4.27	0.00
6	75	1	-9.74	0.87	2.22	12.82	3.88	0.00
6	75	2	-6.95	3.20	2.33	9.18	2.58	0.00
6	75	3	0.58	11.98	1.66	13.30	2.92	0.00
6	75	4	8.99	19.88	1.45	8.20	2.44	0.00
6	75	5	15.62	27.53	1.28	7.70	2.33	0.00
6	75	6	20.51	32.14	1.44	7.66	2.28	0.00
6	75	7	22.81	33.66	1.19	10.80	2.86	0.00
6	75	8	22.13	32.37	1.51	9.93	3.85	0.00
6	75	9	17.84	29.18	1.47	5.38	1.58	0.00
6	75	10	10.45	22.66	1.77	6.82	2.28	0.00
6	75	11	2.31	13.29	1.59	15.82	5.39	0.00
6	75	12	-6.24	4.09	1.82	17.94	4.27	0.00
7	75	1	-9.74	0.87	2.22	12.82	3.88	0.00
7	75	2	-6.95	3.20	2.33	9.18	2.58	0.00
7	75	3	0.58	11.98	1.66	13.30	2.92	0.00
7	75	4	8.99	19.88	1.45	8.20	2.44	0.00
7	75	5	15.62	27.53	1.28	7.70	2.33	0.00
7	75	6	20.51	32.14	1.44	7.66	2.28	0.00
7	75	7	22.81	33.66	1.19	10.80	2.86	0.00
7	75	8	22.13	32.37	1.51	9.93	3.85	0.00
7	75	9	17.84	29.18	1.47	5.38	1.58	0.00
7	75	10	10.45	22.66	1.77	6.82	2.28	0.00
7	75	11	2.31	13.29	1.59	15.82	5.39	0.00
7	75	12	-6.24	4.09	1.82	17.94	4.27	0.00
8	75	1	-9.74	0.87	2.22	12.82	3.88	0.00
8	75	2	-6.95	3.20	2.33	9.18	2.58	0.00
8	75	3	0.58	11.98	1.66	13.30	2.92	0.00
8	75	4	8.99	19.88	1.45	8.20	2.44	0.00
8	75	5	15.62	27.53	1.28	7.70	2.33	0.00
8	75	6	20.51	32.14	1.44	7.66	2.28	0.00
8	75	7	22.81	33.66	1.19	10.80	2.86	0.00
8	75	8	22.13	32.37	1.51	9.93	3.85	0.00
8	75	9	17.84	29.18	1.47	5.38	1.58	0.00
8	75	10	10.45	22.66	1.77	6.82	2.28	0.00
8	75	11	2.31	13.29	1.59	15.82	5.39	0.00
8	75	12	-6.24	4.09	1.82	17.94	4.27	0.00
2	80	1	-4.48	6.12	2.22	11.16	3.41	0.00
2	80	2	-4.14	6.01	2.33	11.38	3.18	0.00
2	80	3	0.79	12.19	1.66	11.45	2.55	0.00
2	80	4	8.67	19.56	1.45	13.12	3.92	0.00
2	80	5	15.40	27.31	1.27	12.01	3.62	0.00
2	80	6	20.16	31.79	1.44	8.03	2.38	0.00
2	80	7	23.41	34.25	1.19	10.25	2.72	0.00
2	80	8	23.97	34.21	1.51	9.91	3.82	0.00
2	80	9	18.69	30.04	1.47	6.36	1.80	0.00
2	80	10	9.41	21.61	1.77	13.46	4.48	0.00
2	80	11	2.45	13.42	1.59	15.35	5.24	0.00
2	80	12	-2.34	7.99	1.82	15.80	3.77	0.00
3	80	1	-4.48	6.12	2.22	11.16	3.41	0.00
3	80	2	-4.14	6.01	2.33	11.38	3.18	0.00
3	80	3	0.79	12.19	1.66	11.45	2.55	0.00
3	80	4	8.67	19.56	1.45	13.12	3.92	0.00
3	80	5	15.40	27.31	1.27	12.01	3.62	0.00
3	80	6	20.16	31.79	1.44	8.03	2.38	0.00
3	80	7	23.41	34.25	1.19	10.25	2.72	0.00
3	80	8	23.97	34.21	1.51	9.91	3.82	0.00
3	80	9	18.69	30.04	1.47	6.36	1.80	0.00
3	80	10	9.41	21.61	1.77	13.46	4.48	0.00
3	80	11	2.45	13.42	1.59	15.35	5.24	0.00
3	80	12	-2.34	7.99	1.82	15.80	3.77	0.00
4	80	1	-4.48	6.12	2.22	11.16	3.41	0.00
4	80	2	-4.14	6.01	2.33	11.38	3.18	0.00
4	80	3	0.79	12.19	1.66	11.45	2.55	0.00
4	80	4	8.67	19.56	1.45	13.12	3.92	0.00
4	80	5	15.40	27.31	1.27	12.01	3.62	0.00
4	80	6	20.16	31.79	1.44	8.03	2.38	0.00
4	80	7	23.41	34.25	1.19	10.25	2.72	0.00
4	80	8	23.97	34.21	1.51	9.91	3.82	0.00
4	80	9	18.69	30.04	1.47	6.36	1.80	0.00
4	80	10	9.41	21.61	1.77	13.46	4.48	0.00
4	80	11	2.45	13.42	1.59	15.35	5.24	0.00
4	80	12	-2.34	7.99	1.82	15.80	3.77	0.00
5	80	1	-4.48	6.12	2.22	11.16	3.41	0.00
5	80	2	-4.14	6.01	2.33	11.38	3.18	0.00
5	80	3	0.79	12.19	1.66	11.45	2.55	0.00
5	80	4	8.67	19.56	1.45	13.12	3.92	0.00
5	80	5	15.40	27.31	1.27	12.01	3.62	0.00
5	80	6	20.16	31.79	1.44	8.03	2.38	0.00
5	80	7	23.41	34.25	1.19	10.25	2.72	0.00
5	80	8	23.97	34.21	1.51	9.91	3.82	0.00
5	80	9	18.69	30.04	1.47	6.36	1.80	0.00
5	80	10	9.41	21.61	1.77	13.46	4.48	0.00
5	80	11	2.45	13.42	1.59	15.35	5.24	0.00
5	80	12	-2.34	7.99	1.82	15.80	3.77	0.00
6	80	1	-4.48	6.12	2.22	11.16	3.41	0.00
6	80	2	-4.14	6.01	2.33	11.38	3.18	0.00
6	80	3	0.79	12.19	1.66	11.45	2.55	0.00
6	80	4	8.67	19.56	1.45	13.12	3.92	0.00
6	80	5	15.40	27.31	1.27	12.01	3.62	0.00
6	80	6	20.16	31.79	1.44	8.03	2.38	0.00
6	80	7	23.41	34.25	1.19	10.25	2.72	0.00
6	80	8	23.97	34.21	1.51	9.91	3.82	0.00
6	80	9	18.69	30.04	1.47	6.36	1.80	0.00
6	80	10	9.41	21.61	1.77	13.46	4.48	0.00
6	80	11	2.45	13.42	1.59	15.35	5.24	0.00
6	80	12	-2.34	7.99	1.82	15.80	3.77	0.00
7	80	1	-4.48	6.12	2.22	11.16	3.41	0.00
7	80	2	-4.14	6.01	2.33	11.38	3.18	0.00
7	80	3	0.79	12.19	1.66	11.45	2.55	0.00
7	80	4	8.67	19.56	1.45	13.12	3.92	0.00
7	80	5	15.40	27.31	1.27	12.01	3.62	0.00
7	80	6	20.16	31.79	1.44	8.03	2.38	0.00
7	80	7	23.41	34.25	1.19	10.25	2.72	0.00
7	80	8	23.97	34.21	1.51	9.91	3.82	0.00
7	80	9	18.69	30.04	1.47	6.36	1.80	0.00
7	80	10	9.41	21.61	1.77	13.46	4.48	0.00
7	80	11	2.45	13.42	1.59	15.35	5.24	0.00
7	80	12	-2.34	7.99	1.82	15.80	3.77	0.00
8	80	1	-4.48	6.12	2.22	11.16	3.41	0.00
8	80	2	-4.14	6.01	2.33	11.38	3.18	0.00
8	80	3	0.79	12.19	1.66	11.45	2.55	0.00
8	80	4	8.67	19.56	1.45	13.12	3.92	0.00
8	80	5	15.40	27.31	1.27	12.01	3.62	0.00
8	80	6	20.16	31.79	1.44	8.03	2.38	0.00
8	80	7	23.41	34.25	1.19	10.25	2.72	0.00
8	80	8	23.97	34.21	1.51	9.91	3.82	0.00
8	80	9	18.69	30.04	1.47	6.36	1.80	0.00
8	80	10	9.41	21.61	1.77	13.46	4.48	0.00
8	80	11	2.45	13.42	1.59	15.35	5.24	0.00
8	80	12	-2.34	7.99	1.82	15.80	3.77	0.00
2	85	1	-6.76	3.84	2.22	10.20	3.18	0.00
2	85	2	-4.24	5.92	2.33	12.78	3.56	0.00
2	85	3	1.61	13.01	1.66	12.12	2.69	0.00
2	85	4	8.20	19.09	1.45	10.48	3.12	0.00
2	85	5	15.07	26.99	1.27	10.42	3.15	0.00
2	85	6	22.04	33.66	1.44	9.29	2.78	0.00
2	85	7	25.51	36.35	1.19	14.57	3.84	0.00
2	85	8	23.73	33.97	1.51	9.85	3.86	0.00
2	85	9	17.81	29.16	1.47	4.76	1.42	0.00
2	85	10	10.24	22.44	1.77	6.21	2.07	0.00
2	85	11	3.16	14.14	1.59	13.56	4.64	0.00
2	85	12	-4.12	6.21	1.82	9.93	2.43	0.00
3	85	1	-6.76	3.84	2.22	10.20	3.18	0.00
3	85	2	-4.24	5.92	2.33	12.78	3.56	0.00
3	85	3	1.61	13.01	1.66	12.12	2.69	0.00
3	85	4	8.20	19.09	1.45	10.48	3.12	0.00
3	85	5	15.07	26.99	1.27	10.42	3.15	0.00
3	85	6	22.04	33.66	1.44	9.29	2.78	0.00
3	85	7	25.51	36.35	1.19	14.57	3.84	0.00
3	85	8	23.73	33.97	1.51	9.85	3.86	0.00
3	85	9	17.81	29.16	1.47	4.76	1.42	0.00
3	85	10	10.24	22.44	1.77	6.21	2.07	0.00
3	85	11	3.16	14.14	1.59	13.56	4.64	0.00
3	85	12	-4.12	6.21	1.82	9.93	2.43	0.00
4	85	1	-6.76	3.84	2.22	10.20	3.18	0.00
4	85	2	-4.24	5.92	2.33	12.78	3.56	0.00
4	85	3	1.61	13.01	1.66	12.12	2.69	0.00
4	85	4	8.20	19.09	1.45	10.48	3.12	0.00
4	85	5	15.07	26.99	1.27	10.42	3.15	0.00
4	85	6	22.04	33.66	1.44	9.29	2.78	0.00
4	85	7	25.51	36.35	1.19	14.57	3.84	0.00
4	85	8	23.73	33.97	1.51	9.85	3.86	0.00
4	85	9	17.81	29.16	1.47	4.76	1.42	0.00
4	85	10	10.24	22.44	1.77	6.21	2.07	0.00
4	85	11	3.16	14.14	1.59	13.56	4.64	0.00
4	85	12	-4.12	6.21	1.82	9.93	2.43	0.00
5	85	1	-6.76	3.84	2.22	10.20	3.18	0.00
5	85	2	-4.24	5.92	2.33	12.78	3.56	0.00
5	85	3	1.61	13.01	1.66	12.12	2.69	0.00
5	85	4	8.20	19.09	1.45	10.48	3.12	0.00
5	85	5	15.07	26.99	1.27	10.42	3.15	0.00
5	85	6	22.04	33.66	1.44	9.29	2.78	0.00
5	85	7	25.51	36.35	1.19	14.57	3.84	0.00
5	85	8	23.73	33.97	1.51	9.85	3.86	0.00
5	85	9	17.81	29.16	1.47	4.76	1.42	0.00
5	85	10	10.24	22.44	1.77	6.21	2.07	0.00
5	85	11	3.16	14.14	1.59	13.56	4.64	0.00
5	85	12	-4.12	6.21	1.82	9.93	2.43	0.00
6	85	1	-6.76	3.84	2.22	10.20	3.18	0.00
6	85	2	-4.24	5.92	2.33	12.78	3.56	0.00
6	85	3	1.61	13.01	1.66	12.12	2.69	0.00
6	85	4	8.20	19.09	1.45	10.48	3.12	0.00
6	85	5	15.07	26.99	1.27	10.42	3.15	0.00
6	85	6	22.04	33.66	1.44	9.29	2.78	0.00
6	85	7	25.51	36.35	1.19	14.57	3.84	0.00
6	85	8	23.73	33.97	1.51	9.85	3.86	0.00
6	85	9	17.81	29.16	1.47	4.76	1.42	0.00
6	85	10	10.24	22.44	1.77	6.21	2.07	0.00
6	85	11	3.16	14.14	1.59	13.56	4.64	0.00
6	85	12	-4.12	6.21	1.82	9.93	2.43	0.00
7	85	1	-6.76	3.84	2.22	10.20	3.18	0.00
7	85	2	-4.24	5.92	2.33	12.78	3.56	0.00
7	85	3	1.61	13.01	1.66	12.12	2.69	0.00
7	85	4	8.20	19.09	1.45	10.48	3.12	0.00
7	85	5	15.07	26.99	1.27	10.42	3.15	0.00
7	85	6	22.04	33.66	1.44	9.29	2.78	0.00
7	85	7	25.51	36.35	1.19	14.57	3.84	0.00
7	85	8	23.73	33.97	1.51	9.85	3.86	0.00
7	85	9	17.81	29.16	1.47	4.76	1.42	0.00
7	85	10	10.24	22.44	1.77	6.21	2.07	0.00
7	85	11	3.16	14.14	1.59	13.56	4.64	0.00
7	85	12	-4.12	6.21	1.82	9.93	2.43	0.00
8	85	1	-6.76	3.84	2.22	10.20	3.18	0.00
8	85	2	-4.24	5.92	2.33	12.78	3.56	0.00
8	85	3	1.61	13.01	1.66	12.12	2.69	0.00
8	85	4	8.20	19.09	1.45	10.48	3.12	0.00
8	85	5	15.07	26.99	1.27	10.42	3.15	0.00
8	85	6	22.04	33.66	1.44	9.29	2.78	0.00
8	85	7	25.51	36.35	1.19	14.57	3.84	0.00
8	85	8	23.73	33.97	1.51	9.85	3.86	0.00
8	85	9	17.81	29.16	1.47	4.76	1.42	0.00
8	85	10	10.24	22.44	1.77	6.21	2.07	0.00
8	85	11	3.16	14.14	1.59	13.56	4.64	0.00
8	85	12	-4.12	6.21	1.82	9.93	2.43	0.00
2	90	1	-7.17	3.43	2.22	8.82	2.75	0.00
2	90	2	-5.04	5.11	2.33	11.96	3.33	0.00
2	90	3	1.29	12.69	1.66	11.85	2.65	0.00
2	90	4	9.14	20.03	1.45	15.64	4.69	0.00
2	90	5	15.96	27.88	1.27	7.32	2.28	0.00
2	90	6	21.44	33.07	1.44	8.88	2.66	0.00
2	90	7	24.51	35.35	1.19	13.92	3.68	0.00
2	90	8	24.12	34.35	1.51	11.33	4.42	0.00
2	90	9	18.97	30.32	1.47	5.43	1.64	0.00
2	90	10	10.44	22.64	1.77	5.17	1.71	0.00
2	90	11	2.49	13.47	1.59	12.36	4.22	0.00
2	90	12	-4.58	5.75	1.82	10.43	2.52	0.00
3	90	1	-7.17	3.43	2.22	8.82	2.75	0.00
3	90	2	-5.04	5.11	2.33	11.96	3.33	0.00
3	90	3	1.29	12.69	1.66	11.85	2.65	0.00
3	90	4	9.14	20.03	1.45	15.64	4.69	0.00
3	90	5	15.96	27.88	1.27	7.32	2.28	0.00
3	90	6	21.44	33.07	1.44	8.88	2.66	0.00
3	90	7	24.51	35.35	1.19	13.92	3.68	0.00
3	90	8	24.12	34.35	1.51	11.33	4.42	0.00
3	90	9	18.97	30.32	1.47	5.43	1.64	0.00
3	90	10	10.44	22.64	1.77	5.17	1.71	0.00
3	90	11	2.49	13.47	1.59	12.36	4.22	0.00
3	90	12	-4.58	5.75	1.82	10.43	2.52	0.00
4	90	1	-7.17	3.43	2.22	8.82	2.75	0.00
4	90	2	-5.04	5.11	2.33	11.96	3.33	0.00
4	90	3	1.29	12.69	1.66	11.85	2.65	0.00
4	90	4	9.14	20.03	1.45	15.64	4.69	0.00
4	90	5	15.96	27.88	1.27	7.32	2.28	0.00
4	90	6	21.44	33.07	1.44	8.88	2.66	0.00
4	90	7	24.51	35.35	1.19	13.92	3.68	0.00
4	90	8	24.12	34.35	1.51	11.33	4.42	0.00
4	90	9	18.97	30.32	1.47	5.43	1.64	0.00
4	90	10	10.44	22.64	1.77	5.17	1.71	0.00
4	90	11	2.49	13.47	1.59	12.36	4.22	0.00
4	90	12	-4.58	5.75	1.82	10.43	2.52	0.00
5	90	1	-7.17	3.43	2.22	8.82	2.75	0.00
5	90	2	-5.04	5.11	2.33	11.96	3.33	0.00
5	90	3	1.29	12.69	1.66	11.85	2.65	0.00
5	90	4	9.14	20.03	1.45	15.64	4.69	0.00
5	90	5	15.96	27.88	1.27	7.32	2.28	0.00
5	90	6	21.44	33.07	1.44	8.88	2.66	0.00
5	90	7	24.51	35.35	1.19	13.92	3.68	0.00
5	90	8	24.12	34.35	1.51	11.33	4.42	0.00
5	90	9	18.97	30.32	1.47	5.43	1.64	0.00
5	90	10	10.44	22.64	1.77	5.17	1.71	0.00
5	90	11	2.49	13.47	1.59	12.36	4.22	0.00
5	90	12	-4.58	5.75	1.82	10.43	2.52	0.00
6	90	1	-7.17	3.43	2.22	8.82	2.75	0.00
6	90	2	-5.04	5.11	2.33	11.96	3.33	0.00
6	90	3	1.29	12.69	1.66	11.85	2.65	0.00
6	90	4	9.14	20.03	1.45	15.64	4.69	0.00
6	90	5	15.96	27.88	1.27	7.32	2.28	0.00
6	90	6	21.44	33.07	1.44	8.88	2.66	0.00
6	90	7	24.51	35.35	1.19	13.92	3.68	0.00
6	90	8	24.12	34.35	1.51	11.33	4.42	0.00
6	90	9	18.97	30.32	1.47	5.43	1.64	0.00
6	90	10	10.44	22.64	1.77	5.17	1.71	0.00
6	90	11	2.49	13.47	1.59	12.36	4.22	0.00
6	90	12	-4.58	5.75	1.82	10.43	2.52	0.00
7	90	1	-7.17	3.43	2.22	8.82	2.75	0.00
7	90	2	-5.04	5.11	2.33	11.96	3.33	0.00
7	90	3	1.29	12.69	1.66	11.85	2.65	0.00
7	90	4	9.14	20.03	1.45	15.64	4.69	0.00
7	90	5	15.96	27.88	1.27	7.32	2.28	0.00
7	90	6	21.44	33.07	1.44	8.88	2.66	0.00
7	90	7	24.51	35.35	1.19	13.92	3.68	0.00
7	90	8	24.12	34.35	1.51	11.33	4.42	0.00
7	90	9	18.97	30.32	1.47	5.43	1.64	0.00
7	90	10	10.44	22.64	1.77	5.17	1.71	0.00
7	90	11	2.49	13.47	1.59	12.36	4.22	0.00
7	90	12	-4.58	5.75	1.82	10.43	2.52	0.00
8	90	1	-7.17	3.43	2.22	8.82	2.75	0.00
8	90	2	-5.04	5.11	2.33	11.96	3.33	0.00
8	90	3	1.29	12.69	1.66	11.85	2.65	0.00
8	90	4	9.14	20.03	1.45	15.64	4.69	0.00
8	90	5	15.96	27.88	1.27	7.32	2.28	0.00
8	90	6	21.44	33.07	1.44	8.88	2.66	0.00
8	90	7	24.51	35.35	1.19	13.92	3.68	0.00
8	90	8	24.12	34.35	1.51	11.33	4.42	0.00
8	90	9	18.97	30.32	1.47	5.43	1.64	0.00
8	90	10	10.44	22.64	1.77	5.17	1.71	0.00
8	90	11	2.49	13.47	1.59	12.36	4.22	0.00
8	90	12	-4.58	5.75	1.82	10.43	2.52	0.00
2	95	1	-5.80	4.80	2.22	13.92	4.24	0.00
2	95	2	-3.62	6.54	2.33	11.33	3.18	0.00
2	95	3	2.52	13.92	1.66	13.83	3.06	0.00
2	95	4	10.28	21.17	1.45	13.81	4.12	0.00
2	95	5	17.07	28.98	1.27	11.89	3.60	0.00
2	95	6	22.36	33.99	1.44	10.44	3.06	0.00
2	95	7	25.29	36.13	1.19	10.60	2.79	0.00
2	95	8	25.00	35.24	1.51	9.52	3.72	0.00
2	95	9	19.90	31.25	1.47	3.94	1.18	0.00
2	95	10	11.13	23.33	1.77	7.87	2.67	0.00
2	95	11	3.05	14.02	1.59	16.50	5.63	0.00
2	95	12	-3.67	6.66	1.82	14.98	3.61	0.00
3	95	1	-5.80	4.80	2.22	13.92	4.24	0.00
3	95	2	-3.62	6.54	2.33	11.33	3.18	0.00
3	95	3	2.52	13.92	1.66	13.83	3.06	0.00
3	95	4	10.28	21.17	1.45	13.81	4.12	0.00
3	95	5	17.07	28.98	1.27	11.89	3.60	0.00
3	95	6	22.36	33.99	1.44	10.44	3.06	0.00
3	95	7	25.29	36.13	1.19	10.60	2.79	0.00
3	95	8	25.00	35.24	1.51	9.52	3.72	0.00
3	95	9	19.90	31.25	1.47	3.94	1.18	0.00
3	95	10	11.13	23.33	1.77	7.87	2.67	0.00
3	95	11	3.05	14.02	1.59	16.50	5.63	0.00
3	95	12	-3.67	6.66	1.82	14.98	3.61	0.00
4	95	1	-5.80	4.80	2.22	13.92	4.24	0.00
4	95	2	-3.62	6.54	2.33	11.33	3.18	0.00
4	95	3	2.52	13.92	1.66	13.83	3.06	0.00
4	95	4	10.28	21.17	1.45	13.81	4.12	0.00
4	95	5	17.07	28.98	1.27	11.89	3.60	0.00
4	95	6	22.36	33.99	1.44	10.44	3.06	0.00
4	95	7	25.29	36.13	1.19	10.60	2.79	0.00
4	95	8	25.00	35.24	1.51	9.52	3.72	0.00
4	95	9	19.90	31.25	1.47	3.94	1.18	0.00
4	95	10	11.13	23.33	1.77	7.87	2.67	0.00
4	95	11	3.05	14.02	1.59	16.50	5.63	0.00
4	95	12	-3.67	6.66	1.82	14.98	3.61	0.00
5	95	1	-5.80	4.80	2.22	13.92	4.24	0.00
5	95	2	-3.62	6.54	2.33	11.33	3.18	0.00
5	95	3	2.52	13.92	1.66	13.83	3.06	0.00
5	95	4	10.28	21.17	1.45	13.81	4.12	0.00
5	95	5	17.07	28.98	1.27	11.89	3.60	0.00
5	95	6	22.36	33.99	1.44	10.44	3.06	0.00
5	95	7	25.29	36.13	1.19	10.60	2.79	0.00
5	95	8	25.00	35.24	1.51	9.52	3.72	0.00
5	95	9	19.90	31.25	1.47	3.94	1.18	0.00
5	95	10	11.13	23.33	1.77	7.87	2.67	0.00
5	95	11	3.05	14.02	1.59	16.50	5.63	0.00
5	95	12	-3.67	6.66	1.82	14.98	3.61	0.00
6	95	1	-5.80	4.80	2.22	13.92	4.24	0.00
6	95	2	-3.62	6.54	2.33	11.33	3.18	0.00
6	95	3	2.52	13.92	1.66	13.83	3.06	0.00
6	95	4	10.28	21.17	1.45	13.81	4.12	0.00
6	95	5	17.07	28.98	1.27	11.89	3.60	0.00
6	95	6	22.36	33.99	1.44	10.44	3.06	0.00
6	95	7	25.29	36.13	1.19	10.60	2.79	0.00
6	95	8	25.00	35.24	1.51	9.52	3.72	0.00
6	95	9	19.90	31.25	1.47	3.94	1.18	0.00
6	95	10	11.13	23.33	1.77	7.87	2.67	0.00
6	95	11	3.05	14.02	1.59	16.50	5.63	0.00
6	95	12	-3.67	6.66	1.82	14.98	3.61	0.00
7	95	1	-5.80	4.80	2.22	13.92	4.24	0.00
7	95	2	-3.62	6.54	2.33	11.33	3.18	0.00
7	95	3	2.52	13.92	1.66	13.83	3.06	0.00
7	95	4	10.28	21.17	1.45	13.81	4.12	0.00
7	95	5	17.07	28.98	1.27	11.89	3.60	0.00
7	95	6	22.36	33.99	1.44	10.44	3.06	0.00
7	95	7	25.29	36.13	1.19	10.60	2.79	0.00
7	95	8	25.00	35.24	1.51	9.52	3.72	0.00
7	95	9	19.90	31.25	1.47	3.94	1.18	0.00
7	95	10	11.13	23.33	1.77	7.87	2.67	0.00
7	95	11	3.05	14.02	1.59	16.50	5.63	0.00
7	95	12	-3.67	6.66	1.82	14.98	3.61	0.00
8	95	1	-5.80	4.80	2.22	13.92	4.24	0.00
8	95	2	-3.62	6.54	2.33	11.33	3.18	0.00
8	95	3	2.52	13.92	1.66	13.83	3.06	0.00
8	95	4	10.28	21.17	1.45	13.81	4.12	0.00
8	95	5	17.07	28.98	1.27	11.89	3.60	0.00
8	95	6	22.36	33.99	1.44	10.44	3.06	0.00
8	95	7	25.29	36.13	1.19	10.60	2.79	0.00
8	95	8	25.00	35.24	1.51	9.52	3.72	0.00
8	95	9	19.90	31.25	1.47	3.94	1.18	0.00
8	95	10	11.13	23.33	1.77	7.87	2.67	0.00
8	95	11	3.05	14.02	1.59	16.50	5.63	0.00
8	95	12	-3.67	6.66	1.82	14.98	3.61	0.00
